
20030414.5 2452744.0  240.02  240.02 43 26 4.1117e-02 0.0000e+00  0.0000
20030414.5 2452744.0  240.11  240.11 43 26 4.2352e-02 0.0000e+00  0.0000
20030414.5 2452744.0  240.19  240.19 43 26 4.3016e-02 0.0000e+00  0.0000
20030414.5 2452744.0  240.28  240.28 43 26 4.2508e-02 0.0000e+00  0.0000
20030414.5 2452744.0  240.37  240.37 43 26 4.1305e-02 0.0000e+00  0.0000
20030414.5 2452744.0  240.46  240.46 43 26 3.9986e-02 0.0000e+00  0.0000
20030414.5 2452744.0  240.55  240.55 43 26 3.8845e-02 0.0000e+00  0.0000
20030414.5 2452744.0  240.64  240.64 43 26 3.7967e-02 0.0000e+00  0.0000
20030414.5 2452744.0  240.73  240.73 43 26 3.7279e-02 0.0000e+00  0.0000
20030414.5 2452744.0  240.82  240.82 43 26 3.7512e-02 0.0000e+00  0.0000
20030414.5 2452744.0  240.92  240.92 43 26 3.7969e-02 0.0000e+00  0.0000
20030414.5 2452744.0  241.01  241.01 43 26 3.8478e-02 0.0000e+00  0.0000
20030414.5 2452744.0  241.10  241.10 43 26 3.9089e-02 0.0000e+00  0.0000
20030414.5 2452744.0  241.19  241.19 43 26 4.0096e-02 0.0000e+00  0.0000
20030414.5 2452744.0  241.28  241.28 43 26 4.1682e-02 0.0000e+00  0.0000
20030414.5 2452744.0  241.37  241.37 43 26 4.3568e-02 0.0000e+00  0.0000
20030414.5 2452744.0  241.46  241.46 43 26 4.6177e-02 0.0000e+00  0.0000
20030414.5 2452744.0  241.55  241.55 43 26 4.9577e-02 0.0000e+00  0.0000
20030414.5 2452744.0  241.64  241.64 43 26 5.3693e-02 0.0000e+00  0.0000
20030414.5 2452744.0  241.74  241.74 43 26 5.8353e-02 0.0000e+00  0.0000
20030414.5 2452744.0  241.83  241.83 43 26 6.2326e-02 0.0000e+00  0.0000
20030414.5 2452744.0  241.92  241.92 43 26 6.5873e-02 0.0000e+00  0.0000
20030414.5 2452744.0  242.01  242.01 43 26 6.8727e-02 0.0000e+00  0.0000
20030414.5 2452744.0  242.11  242.11 43 26 7.0814e-02 0.0000e+00  0.0000
20030414.5 2452744.0  242.20  242.20 43 26 7.2086e-02 0.0000e+00  0.0000
20030414.5 2452744.0  242.29  242.29 43 26 7.2836e-02 0.0000e+00  0.0000
20030414.5 2452744.0  242.38  242.38 43 26 7.3081e-02 0.0000e+00  0.0000
20030414.5 2452744.0  242.48  242.48 43 26 7.2763e-02 0.0000e+00  0.0000
20030414.5 2452744.0  242.57  242.57 43 26 7.2806e-02 0.0000e+00  0.0000
20030414.5 2452744.0  242.66  242.66 43 26 7.3342e-02 0.0000e+00  0.0000
20030414.5 2452744.0  242.76  242.76 43 26 7.3749e-02 0.0000e+00  0.0000
20030414.5 2452744.0  242.85  242.85 43 26 7.3491e-02 0.0000e+00  0.0000
20030414.5 2452744.0  242.94  242.94 43 26 7.2887e-02 0.0000e+00  0.0000
20030414.5 2452744.0  243.04  243.04 43 26 7.2248e-02 0.0000e+00  0.0000
20030414.5 2452744.0  243.13  243.13 43 26 7.1226e-02 0.0000e+00  0.0000
20030414.5 2452744.0  243.23  243.23 43 26 6.9293e-02 0.0000e+00  0.0000
20030414.5 2452744.0  243.32  243.32 43 26 6.7323e-02 0.0000e+00  0.0000
20030414.5 2452744.0  243.42  243.42 43 26 6.5814e-02 0.0000e+00  0.0000
20030414.5 2452744.0  243.51  243.51 43 26 6.4761e-02 0.0000e+00  0.0000
20030414.5 2452744.0  243.60  243.60 43 26 6.3901e-02 0.0000e+00  0.0000
20030414.5 2452744.0  243.70  243.70 43 26 6.3673e-02 0.0000e+00  0.0000
20030414.5 2452744.0  243.79  243.79 43 26 6.4428e-02 0.0000e+00  0.0000
20030414.5 2452744.0  243.89  243.89 43 26 6.5461e-02 0.0000e+00  0.0000
20030414.5 2452744.0  243.99  243.99 43 26 6.6046e-02 0.0000e+00  0.0000
20030414.5 2452744.0  244.08  244.08 43 26 6.6729e-02 0.0000e+00  0.0000
20030414.5 2452744.0  244.18  244.18 43 26 6.7612e-02 0.0000e+00  0.0000
20030414.5 2452744.0  244.27  244.27 43 26 6.7651e-02 0.0000e+00  0.0000
20030414.5 2452744.0  244.37  244.37 43 26 6.6665e-02 0.0000e+00  0.0000
20030414.5 2452744.0  244.46  244.46 43 26 6.5498e-02 0.0000e+00  0.0000
20030414.5 2452744.0  244.56  244.56 43 26 6.3965e-02 0.0000e+00  0.0000
20030414.5 2452744.0  244.66  244.66 43 26 6.1498e-02 0.0000e+00  0.0000
20030414.5 2452744.0  244.75  244.75 43 26 5.8768e-02 0.0000e+00  0.0000
20030414.5 2452744.0  244.85  244.85 43 26 5.5607e-02 0.0000e+00  0.0000
20030414.5 2452744.0  244.95  244.95 43 26 5.3128e-02 0.0000e+00  0.0000
20030414.5 2452744.0  245.05  245.05 43 26 5.1502e-02 0.0000e+00  0.0000
20030414.5 2452744.0  245.14  245.14 43 26 5.0140e-02 0.0000e+00  0.0000
20030414.5 2452744.0  245.24  245.24 43 26 4.9134e-02 0.0000e+00  0.0000
20030414.5 2452744.0  245.34  245.34 43 26 4.8511e-02 0.0000e+00  0.0000
20030414.5 2452744.0  245.44  245.44 43 26 4.8798e-02 0.0000e+00  0.0000
20030414.5 2452744.0  245.53  245.53 43 26 4.9105e-02 0.0000e+00  0.0000
20030414.5 2452744.0  245.63  245.63 43 26 4.9481e-02 0.0000e+00  0.0000
20030414.5 2452744.0  245.73  245.73 43 26 4.9674e-02 0.0000e+00  0.0000
20030414.5 2452744.0  245.83  245.83 43 26 4.9868e-02 0.0000e+00  0.0000
20030414.5 2452744.0  245.93  245.93 43 26 4.9452e-02 0.0000e+00  0.0000
20030414.5 2452744.0  246.03  246.03 43 26 4.8923e-02 0.0000e+00  0.0000
20030414.5 2452744.0  246.12  246.12 43 26 4.8291e-02 0.0000e+00  0.0000
20030414.5 2452744.0  246.22  246.22 43 26 4.7825e-02 0.0000e+00  0.0000
20030414.5 2452744.0  246.32  246.32 43 26 4.7564e-02 0.0000e+00  0.0000
20030414.5 2452744.0  246.42  246.42 43 26 4.8013e-02 0.0000e+00  0.0000
20030414.5 2452744.0  246.52  246.52 43 26 4.8817e-02 0.0000e+00  0.0000
20030414.5 2452744.0  246.62  246.62 43 26 4.9914e-02 0.0000e+00  0.0000
20030414.5 2452744.0  246.72  246.72 43 26 5.1507e-02 0.0000e+00  0.0000
20030414.5 2452744.0  246.82  246.82 43 26 5.2965e-02 0.0000e+00  0.0000
20030414.5 2452744.0  246.92  246.92 43 26 5.4078e-02 0.0000e+00  0.0000
20030414.5 2452744.0  247.02  247.02 43 26 5.5075e-02 0.0000e+00  0.0000
20030414.5 2452744.0  247.12  247.12 43 26 5.5728e-02 0.0000e+00  0.0000
20030414.5 2452744.0  247.22  247.22 43 26 5.6464e-02 0.0000e+00  0.0000
20030414.5 2452744.0  247.32  247.32 43 26 5.6867e-02 0.0000e+00  0.0000
20030414.5 2452744.0  247.42  247.42 43 26 5.7118e-02 0.0000e+00  0.0000
20030414.5 2452744.0  247.53  247.53 43 26 5.7276e-02 0.0000e+00  0.0000
20030414.5 2452744.0  247.63  247.63 43 26 5.7291e-02 0.0000e+00  0.0000
20030414.5 2452744.0  247.73  247.73 43 26 5.6959e-02 0.0000e+00  0.0000
20030414.5 2452744.0  247.83  247.83 43 26 5.5755e-02 0.0000e+00  0.0000
20030414.5 2452744.0  247.93  247.93 43 26 5.3791e-02 0.0000e+00  0.0000
20030414.5 2452744.0  248.03  248.03 43 26 5.1787e-02 0.0000e+00  0.0000
20030414.5 2452744.0  248.14  248.14 43 26 4.9661e-02 0.0000e+00  0.0000
20030414.5 2452744.0  248.24  248.24 43 26 4.8083e-02 0.0000e+00  0.0000
20030414.5 2452744.0  248.34  248.34 43 26 4.6402e-02 0.0000e+00  0.0000
20030414.5 2452744.0  248.44  248.44 43 26 4.5006e-02 0.0000e+00  0.0000
20030414.5 2452744.0  248.55  248.55 43 26 4.4032e-02 0.0000e+00  0.0000
20030414.5 2452744.0  248.65  248.65 43 26 4.3128e-02 0.0000e+00  0.0000
20030414.5 2452744.0  248.75  248.75 43 26 4.1841e-02 0.0000e+00  0.0000
20030414.5 2452744.0  248.86  248.86 43 26 4.0652e-02 0.0000e+00  0.0000
20030414.5 2452744.0  248.96  248.96 43 26 4.0653e-02 0.0000e+00  0.0000
20030414.5 2452744.0  249.06  249.06 43 26 4.1734e-02 0.0000e+00  0.0000
20030414.5 2452744.0  249.17  249.17 43 26 4.3969e-02 0.0000e+00  0.0000
20030414.5 2452744.0  249.27  249.27 43 26 4.7158e-02 0.0000e+00  0.0000
20030414.5 2452744.0  249.38  249.38 43 26 5.1909e-02 0.0000e+00  0.0000
20030414.5 2452744.0  249.48  249.48 43 26 5.6690e-02 0.0000e+00  0.0000
20030414.5 2452744.0  249.59  249.59 43 26 6.1537e-02 0.0000e+00  0.0000
20030414.5 2452744.0  249.69  249.69 43 26 6.4555e-02 0.0000e+00  0.0000
20030414.5 2452744.0  249.80  249.80 43 26 6.6292e-02 0.0000e+00  0.0000
20030414.5 2452744.0  249.90  249.90 43 26 6.6922e-02 0.0000e+00  0.0000
20030414.5 2452744.0  250.01  250.01 43 26 6.6562e-02 0.0000e+00  0.0000
20030414.5 2452744.0  250.11  250.11 43 26 6.5199e-02 0.0000e+00  0.0000
20030414.5 2452744.0  250.22  250.22 43 26 6.2971e-02 0.0000e+00  0.0000
20030414.5 2452744.0  250.32  250.32 43 26 6.1232e-02 0.0000e+00  0.0000
20030414.5 2452744.0  250.43  250.43 43 26 5.9999e-02 0.0000e+00  0.0000
20030414.5 2452744.0  250.54  250.54 43 26 5.8745e-02 0.0000e+00  0.0000
20030414.5 2452744.0  250.64  250.64 43 26 5.7318e-02 0.0000e+00  0.0000
20030414.5 2452744.0  250.75  250.75 43 26 5.6251e-02 0.0000e+00  0.0000
20030414.5 2452744.0  250.86  250.86 43 26 5.6108e-02 0.0000e+00  0.0000
20030414.5 2452744.0  250.96  250.96 43 26 5.5803e-02 0.0000e+00  0.0000
20030414.5 2452744.0  251.07  251.07 43 26 5.4723e-02 0.0000e+00  0.0000
20030414.5 2452744.0  251.18  251.18 43 26 5.2697e-02 0.0000e+00  0.0000
20030414.5 2452744.0  251.28  251.28 43 26 5.0804e-02 0.0000e+00  0.0000
20030414.5 2452744.0  251.39  251.39 43 26 4.8426e-02 0.0000e+00  0.0000
20030414.5 2452744.0  251.50  251.50 43 26 4.5506e-02 0.0000e+00  0.0000
20030414.5 2452744.0  251.61  251.61 43 26 4.3132e-02 0.0000e+00  0.0000
20030414.5 2452744.0  251.72  251.72 43 26 4.1509e-02 0.0000e+00  0.0000
20030414.5 2452744.0  251.82  251.82 43 26 4.0808e-02 0.0000e+00  0.0000
20030414.5 2452744.0  251.93  251.93 43 26 4.0622e-02 0.0000e+00  0.0000
20030414.5 2452744.0  252.04  252.04 43 26 4.0859e-02 0.0000e+00  0.0000
20030414.5 2452744.0  252.15  252.15 43 26 4.1383e-02 0.0000e+00  0.0000
20030414.5 2452744.0  252.26  252.26 43 26 4.1599e-02 0.0000e+00  0.0000
20030414.5 2452744.0  252.37  252.37 43 26 4.1356e-02 0.0000e+00  0.0000
20030414.5 2452744.0  252.48  252.48 43 26 4.0929e-02 0.0000e+00  0.0000
20030414.5 2452744.0  252.59  252.59 43 26 4.1074e-02 0.0000e+00  0.0000
20030414.5 2452744.0  252.70  252.70 43 26 4.1751e-02 0.0000e+00  0.0000
20030414.5 2452744.0  252.81  252.81 43 26 4.2382e-02 0.0000e+00  0.0000
20030414.5 2452744.0  252.92  252.92 43 26 4.3589e-02 0.0000e+00  0.0000
20030414.5 2452744.0  253.03  253.03 43 26 4.5442e-02 0.0000e+00  0.0000
20030414.5 2452744.0  253.14  253.14 43 26 4.7637e-02 0.0000e+00  0.0000
20030414.5 2452744.0  253.25  253.25 43 26 4.9492e-02 0.0000e+00  0.0000
20030414.5 2452744.0  253.36  253.36 43 26 5.0923e-02 0.0000e+00  0.0000
20030414.5 2452744.0  253.47  253.47 43 26 5.2161e-02 0.0000e+00  0.0000
20030414.5 2452744.0  253.59  253.59 43 26 5.3208e-02 0.0000e+00  0.0000
20030414.5 2452744.0  253.70  253.70 43 26 5.3983e-02 0.0000e+00  0.0000
20030414.5 2452744.0  253.81  253.81 43 26 5.4662e-02 0.0000e+00  0.0000
20030414.5 2452744.0  253.92  253.92 43 26 5.5588e-02 0.0000e+00  0.0000
20030414.5 2452744.0  254.03  254.03 43 26 5.6549e-02 0.0000e+00  0.0000
20030414.5 2452744.0  254.15  254.15 43 26 5.7496e-02 0.0000e+00  0.0000
20030414.5 2452744.0  254.26  254.26 43 26 5.8226e-02 0.0000e+00  0.0000
20030414.5 2452744.0  254.37  254.37 43 26 5.8740e-02 0.0000e+00  0.0000
20030414.5 2452744.0  254.49  254.49 43 26 5.8691e-02 0.0000e+00  0.0000
20030414.5 2452744.0  254.60  254.60 43 26 5.8500e-02 0.0000e+00  0.0000
20030414.5 2452744.0  254.71  254.71 43 26 5.9069e-02 0.0000e+00  0.0000
20030414.5 2452744.0  254.83  254.83 43 26 6.0676e-02 0.0000e+00  0.0000
20030414.5 2452744.0  254.94  254.94 43 26 6.3166e-02 0.0000e+00  0.0000
20030414.5 2452744.0  255.05  255.05 43 26 6.6604e-02 0.0000e+00  0.0000
20030414.5 2452744.0  255.17  255.17 43 26 7.1399e-02 0.0000e+00  0.0000
20030414.5 2452744.0  255.28  255.28 43 26 7.6284e-02 0.0000e+00  0.0000
20030414.5 2452744.0  255.40  255.40 43 26 8.0965e-02 0.0000e+00  0.0000
20030414.5 2452744.0  255.51  255.51 43 26 8.4683e-02 0.0000e+00  0.0000
20030414.5 2452744.0  255.63  255.63 43 26 8.7467e-02 0.0000e+00  0.0000
20030414.5 2452744.0  255.74  255.74 43 26 8.8903e-02 0.0000e+00  0.0000
20030414.5 2452744.0  255.86  255.86 43 26 8.9511e-02 0.0000e+00  0.0000
20030414.5 2452744.0  255.97  255.97 43 26 8.9832e-02 0.0000e+00  0.0000
20030414.5 2452744.0  256.09  256.09 43 26 9.0529e-02 0.0000e+00  0.0000
20030414.5 2452744.0  256.21  256.21 43 26 9.1337e-02 0.0000e+00  0.0000
20030414.5 2452744.0  256.32  256.32 43 26 9.2895e-02 0.0000e+00  0.0000
20030414.5 2452744.0  256.44  256.44 43 26 9.6755e-02 0.0000e+00  0.0000
20030414.5 2452744.0  256.56  256.56 43 26 1.0274e-01 0.0000e+00  0.0000
20030414.5 2452744.0  256.67  256.67 43 26 1.0899e-01 0.0000e+00  0.0000
20030414.5 2452744.0  256.79  256.79 43 26 1.1613e-01 0.0000e+00  0.0000
20030414.5 2452744.0  256.91  256.91 43 26 1.2246e-01 0.0000e+00  0.0000
20030414.5 2452744.0  257.03  257.03 43 26 1.2693e-01 0.0000e+00  0.0000
20030414.5 2452744.0  257.14  257.14 43 26 1.2862e-01 0.0000e+00  0.0000
20030414.5 2452744.0  257.26  257.26 43 26 1.2846e-01 0.0000e+00  0.0000
20030414.5 2452744.0  257.38  257.38 43 26 1.2743e-01 0.0000e+00  0.0000
20030414.5 2452744.0  257.50  257.50 43 26 1.2615e-01 0.0000e+00  0.0000
20030414.5 2452744.0  257.62  257.62 43 26 1.2562e-01 0.0000e+00  0.0000
20030414.5 2452744.0  257.74  257.74 43 26 1.2708e-01 0.0000e+00  0.0000
20030414.5 2452744.0  257.86  257.86 43 26 1.3092e-01 0.0000e+00  0.0000
20030414.5 2452744.0  257.97  257.97 43 26 1.3430e-01 0.0000e+00  0.0000
20030414.5 2452744.0  258.09  258.09 43 26 1.3623e-01 0.0000e+00  0.0000
20030414.5 2452744.0  258.21  258.21 43 26 1.3611e-01 0.0000e+00  0.0000
20030414.5 2452744.0  258.33  258.33 43 26 1.3440e-01 0.0000e+00  0.0000
20030414.5 2452744.0  258.45  258.45 43 26 1.3219e-01 0.0000e+00  0.0000
20030414.5 2452744.0  258.58  258.58 43 26 1.2845e-01 0.0000e+00  0.0000
20030414.5 2452744.0  258.70  258.70 43 26 1.2594e-01 0.0000e+00  0.0000
20030414.5 2452744.0  258.82  258.82 43 26 1.2518e-01 0.0000e+00  0.0000
20030414.5 2452744.0  258.94  258.94 43 26 1.2630e-01 0.0000e+00  0.0000
20030414.5 2452744.0  259.06  259.06 43 26 1.2756e-01 0.0000e+00  0.0000
20030414.5 2452744.0  259.18  259.18 43 26 1.2597e-01 0.0000e+00  0.0000
20030414.5 2452744.0  259.30  259.30 43 26 1.2146e-01 0.0000e+00  0.0000
20030414.5 2452744.0  259.42  259.42 43 26 1.1515e-01 0.0000e+00  0.0000
20030414.5 2452744.0  259.55  259.55 43 26 1.0704e-01 0.0000e+00  0.0000
20030414.5 2452744.0  259.67  259.67 43 26 9.9758e-02 0.0000e+00  0.0000
20030414.5 2452744.0  259.79  259.79 43 26 9.3609e-02 0.0000e+00  0.0000
20030414.5 2452744.0  259.91  259.91 43 26 8.9599e-02 0.0000e+00  0.0000
20030414.5 2452744.0  260.04  260.04 43 26 8.8135e-02 0.0000e+00  0.0000
20030414.5 2452744.0  260.16  260.16 43 26 8.9152e-02 0.0000e+00  0.0000
20030414.5 2452744.0  260.29  260.29 43 26 9.1033e-02 0.0000e+00  0.0000
20030414.5 2452744.0  260.41  260.41 43 26 9.2024e-02 0.0000e+00  0.0000
20030414.5 2452744.0  260.53  260.53 43 26 9.1773e-02 0.0000e+00  0.0000
20030414.5 2452744.0  260.66  260.66 43 26 9.0170e-02 0.0000e+00  0.0000
20030414.5 2452744.0  260.78  260.78 43 26 8.8017e-02 0.0000e+00  0.0000
20030414.5 2452744.0  260.91  260.91 43 26 8.6052e-02 0.0000e+00  0.0000
20030414.5 2452744.0  261.03  261.03 43 26 8.4723e-02 0.0000e+00  0.0000
20030414.5 2452744.0  261.16  261.16 43 26 8.3441e-02 0.0000e+00  0.0000
20030414.5 2452744.0  261.28  261.28 43 26 8.3554e-02 0.0000e+00  0.0000
20030414.5 2452744.0  261.41  261.41 43 26 8.6417e-02 0.0000e+00  0.0000
20030414.5 2452744.0  261.53  261.53 43 26 9.0837e-02 0.0000e+00  0.0000
20030414.5 2452744.0  261.66  261.66 43 26 9.6160e-02 0.0000e+00  0.0000
20030414.5 2452744.0  261.79  261.79 43 26 1.0111e-01 0.0000e+00  0.0000
20030414.5 2452744.0  261.91  261.91 43 26 1.0605e-01 0.0000e+00  0.0000
20030414.5 2452744.0  262.04  262.04 43 26 1.1109e-01 0.0000e+00  0.0000
20030414.5 2452744.0  262.17  262.17 43 26 1.1393e-01 0.0000e+00  0.0000
20030414.5 2452744.0  262.29  262.29 43 26 1.1461e-01 0.0000e+00  0.0000
20030414.5 2452744.0  262.42  262.42 43 26 1.1332e-01 0.0000e+00  0.0000
20030414.5 2452744.0  262.55  262.55 43 26 1.0980e-01 0.0000e+00  0.0000
20030414.5 2452744.0  262.68  262.68 43 26 1.0513e-01 0.0000e+00  0.0000
20030414.5 2452744.0  262.81  262.81 43 26 1.0188e-01 0.0000e+00  0.0000
20030414.5 2452744.0  262.94  262.94 43 26 1.0171e-01 0.0000e+00  0.0000
20030414.5 2452744.0  263.06  263.06 43 26 1.0501e-01 0.0000e+00  0.0000
20030414.5 2452744.0  263.19  263.19 43 26 1.1405e-01 0.0000e+00  0.0000
20030414.5 2452744.0  263.32  263.32 43 26 1.3025e-01 0.0000e+00  0.0000
20030414.5 2452744.0  263.45  263.45 43 26 1.5211e-01 0.0000e+00  0.0000
20030414.5 2452744.0  263.58  263.58 43 26 1.7734e-01 0.0000e+00  0.0000
20030414.5 2452744.0  263.71  263.71 43 26 2.0318e-01 0.0000e+00  0.0000
20030414.5 2452744.0  263.84  263.84 43 26 2.2938e-01 0.0000e+00  0.0000
20030414.5 2452744.0  263.97  263.97 43 26 2.5092e-01 0.0000e+00  0.0000
20030414.5 2452744.0  264.10  264.10 43 26 2.6558e-01 0.0000e+00  0.0000
20030414.5 2452744.0  264.23  264.23 43 26 2.7381e-01 0.0000e+00  0.0000
20030414.5 2452744.0  264.37  264.37 43 26 2.7678e-01 0.0000e+00  0.0000
20030414.5 2452744.0  264.50  264.50 43 26 2.7312e-01 0.0000e+00  0.0000
20030414.5 2452744.0  264.63  264.63 43 26 2.6407e-01 0.0000e+00  0.0000
20030414.5 2452744.0  264.76  264.76 43 26 2.5444e-01 0.0000e+00  0.0000
20030414.5 2452744.0  264.89  264.89 43 26 2.4853e-01 0.0000e+00  0.0000
20030414.5 2452744.0  265.03  265.03 43 26 2.4665e-01 0.0000e+00  0.0000
20030414.5 2452744.0  265.16  265.16 43 26 2.4846e-01 0.0000e+00  0.0000
20030414.5 2452744.0  265.29  265.29 43 26 2.5431e-01 0.0000e+00  0.0000
20030414.5 2452744.0  265.43  265.43 43 26 2.6449e-01 0.0000e+00  0.0000
20030414.5 2452744.0  265.56  265.56 43 26 2.7397e-01 0.0000e+00  0.0000
20030414.5 2452744.0  265.69  265.69 43 26 2.8026e-01 0.0000e+00  0.0000
20030414.5 2452744.0  265.83  265.83 43 26 2.8188e-01 0.0000e+00  0.0000
20030414.5 2452744.0  265.96  265.96 43 26 2.7993e-01 0.0000e+00  0.0000
20030414.5 2452744.0  266.10  266.10 43 26 2.7513e-01 0.0000e+00  0.0000
20030414.5 2452744.0  266.23  266.23 43 26 2.6931e-01 0.0000e+00  0.0000
20030414.5 2452744.0  266.37  266.37 43 26 2.6318e-01 0.0000e+00  0.0000
20030414.5 2452744.0  266.50  266.50 43 26 2.6009e-01 0.0000e+00  0.0000
20030414.5 2452744.0  266.64  266.64 43 26 2.5803e-01 0.0000e+00  0.0000
20030414.5 2452744.0  266.77  266.77 43 26 2.5737e-01 0.0000e+00  0.0000
20030414.5 2452744.0  266.91  266.91 43 26 2.5919e-01 0.0000e+00  0.0000
20030414.5 2452744.0  267.05  267.05 43 26 2.6237e-01 0.0000e+00  0.0000
20030414.5 2452744.0  267.18  267.18 43 26 2.6490e-01 0.0000e+00  0.0000
20030414.5 2452744.0  267.32  267.32 43 26 2.6599e-01 0.0000e+00  0.0000
20030414.5 2452744.0  267.46  267.46 43 26 2.6781e-01 0.0000e+00  0.0000
20030414.5 2452744.0  267.60  267.60 43 26 2.7035e-01 0.0000e+00  0.0000
20030414.5 2452744.0  267.73  267.73 43 26 2.6973e-01 0.0000e+00  0.0000
20030414.5 2452744.0  267.87  267.87 43 26 2.6679e-01 0.0000e+00  0.0000
20030414.5 2452744.0  268.01  268.01 43 26 2.6510e-01 0.0000e+00  0.0000
20030414.5 2452744.0  268.15  268.15 43 26 2.6528e-01 0.0000e+00  0.0000
20030414.5 2452744.0  268.29  268.29 43 26 2.6389e-01 0.0000e+00  0.0000
20030414.5 2452744.0  268.43  268.43 43 26 2.5984e-01 0.0000e+00  0.0000
20030414.5 2452744.0  268.57  268.57 43 26 2.5730e-01 0.0000e+00  0.0000
20030414.5 2452744.0  268.71  268.71 43 26 2.5700e-01 0.0000e+00  0.0000
20030414.5 2452744.0  268.85  268.85 43 26 2.5547e-01 0.0000e+00  0.0000
20030414.5 2452744.0  268.99  268.99 43 26 2.5158e-01 0.0000e+00  0.0000
20030414.5 2452744.0  269.13  269.13 43 26 2.4843e-01 0.0000e+00  0.0000
20030414.5 2452744.0  269.27  269.27 43 26 2.4806e-01 0.0000e+00  0.0000
20030414.5 2452744.0  269.41  269.41 43 26 2.4979e-01 0.0000e+00  0.0000
20030414.5 2452744.0  269.55  269.55 43 26 2.5166e-01 0.0000e+00  0.0000
20030414.5 2452744.0  269.69  269.69 43 26 2.5625e-01 0.0000e+00  0.0000
20030414.5 2452744.0  269.84  269.84 43 26 2.6547e-01 0.0000e+00  0.0000
20030414.5 2452744.0  269.98  269.98 43 26 2.7496e-01 0.0000e+00  0.0000
20030414.5 2452744.0  270.12  270.12 43 26 2.8144e-01 0.0000e+00  0.0000
20030414.5 2452744.0  270.26  270.26 43 26 2.8497e-01 0.0000e+00  0.0000
20030414.5 2452744.0  270.41  270.41 43 26 2.8729e-01 0.0000e+00  0.0000
20030414.5 2452744.0  270.55  270.55 43 26 2.8806e-01 0.0000e+00  0.0000
20030414.5 2452744.0  270.69  270.69 43 26 2.8521e-01 0.0000e+00  0.0000
20030414.5 2452744.0  270.84  270.84 43 26 2.7953e-01 0.0000e+00  0.0000
20030414.5 2452744.0  270.98  270.98 43 26 2.7508e-01 0.0000e+00  0.0000
20030414.5 2452744.0  271.13  271.13 43 26 2.6993e-01 0.0000e+00  0.0000
20030414.5 2452744.0  271.27  271.27 43 26 2.6143e-01 0.0000e+00  0.0000
20030414.5 2452744.0  271.42  271.42 43 26 2.4771e-01 0.0000e+00  0.0000
20030414.5 2452744.0  271.56  271.56 43 26 2.3406e-01 0.0000e+00  0.0000
20030414.5 2452744.0  271.71  271.71 43 26 2.2090e-01 0.0000e+00  0.0000
20030414.5 2452744.0  271.85  271.85 43 26 2.0885e-01 0.0000e+00  0.0000
20030414.5 2452744.0  272.00  272.00 43 26 1.9700e-01 0.0000e+00  0.0000
20030414.5 2452744.0  272.15  272.15 43 26 1.9135e-01 0.0000e+00  0.0000
20030414.5 2452744.0  272.29  272.29 43 26 1.9381e-01 0.0000e+00  0.0000
20030414.5 2452744.0  272.44  272.44 43 26 2.0110e-01 0.0000e+00  0.0000
20030414.5 2452744.0  272.59  272.59 43 26 2.1076e-01 0.0000e+00  0.0000
20030414.5 2452744.0  272.74  272.74 43 26 2.2191e-01 0.0000e+00  0.0000
20030414.5 2452744.0  272.89  272.89 43 26 2.3313e-01 0.0000e+00  0.0000
20030414.5 2452744.0  273.03  273.03 43 26 2.3947e-01 0.0000e+00  0.0000
20030414.5 2452744.0  273.18  273.18 43 26 2.3703e-01 0.0000e+00  0.0000
20030414.5 2452744.0  273.33  273.33 43 26 2.2754e-01 0.0000e+00  0.0000
20030414.5 2452744.0  273.48  273.48 43 26 2.1459e-01 0.0000e+00  0.0000
20030414.5 2452744.0  273.63  273.63 43 26 1.9927e-01 0.0000e+00  0.0000
20030414.5 2452744.0  273.78  273.78 43 26 1.8379e-01 0.0000e+00  0.0000
20030414.5 2452744.0  273.93  273.93 43 26 1.6844e-01 0.0000e+00  0.0000
20030414.5 2452744.0  274.08  274.08 43 26 1.5522e-01 0.0000e+00  0.0000
20030414.5 2452744.0  274.23  274.23 43 26 1.4568e-01 0.0000e+00  0.0000
20030414.5 2452744.0  274.39  274.39 43 26 1.3944e-01 0.0000e+00  0.0000
20030414.5 2452744.0  274.54  274.54 43 26 1.3913e-01 0.0000e+00  0.0000
20030414.5 2452744.0  274.69  274.69 43 26 1.4175e-01 0.0000e+00  0.0000
20030414.5 2452744.0  274.84  274.84 43 26 1.4488e-01 0.0000e+00  0.0000
20030414.5 2452744.0  274.99  274.99 43 26 1.4988e-01 0.0000e+00  0.0000
20030414.5 2452744.0  275.15  275.15 43 26 1.6024e-01 0.0000e+00  0.0000
20030414.5 2452744.0  275.30  275.30 43 26 1.7332e-01 0.0000e+00  0.0000
20030414.5 2452744.0  275.45  275.45 43 26 1.8447e-01 0.0000e+00  0.0000
20030414.5 2452744.0  275.61  275.61 43 26 1.9497e-01 0.0000e+00  0.0000
20030414.5 2452744.0  275.76  275.76 43 26 2.0819e-01 0.0000e+00  0.0000
20030414.5 2452744.0  275.92  275.92 43 26 2.2542e-01 0.0000e+00  0.0000
20030414.5 2452744.0  276.07  276.07 43 26 2.3765e-01 0.0000e+00  0.0000
20030414.5 2452744.0  276.23  276.23 43 26 2.4508e-01 0.0000e+00  0.0000
20030414.5 2452744.0  276.38  276.38 43 26 2.5137e-01 0.0000e+00  0.0000
20030414.5 2452744.0  276.54  276.54 43 26 2.5885e-01 0.0000e+00  0.0000
20030414.5 2452744.0  276.70  276.70 43 26 2.6359e-01 0.0000e+00  0.0000
20030414.5 2452744.0  276.85  276.85 43 26 2.6342e-01 0.0000e+00  0.0000
20030414.5 2452744.0  277.01  277.01 43 26 2.6222e-01 0.0000e+00  0.0000
20030414.5 2452744.0  277.17  277.17 43 26 2.6080e-01 0.0000e+00  0.0000
20030414.5 2452744.0  277.32  277.32 43 26 2.5668e-01 0.0000e+00  0.0000
20030414.5 2452744.0  277.48  277.48 43 26 2.4815e-01 0.0000e+00  0.0000
20030414.5 2452744.0  277.64  277.64 43 26 2.3646e-01 0.0000e+00  0.0000
20030414.5 2452744.0  277.80  277.80 43 26 2.2356e-01 0.0000e+00  0.0000
20030414.5 2452744.0  277.96  277.96 43 26 2.0973e-01 0.0000e+00  0.0000
20030414.5 2452744.0  278.12  278.12 43 26 1.9581e-01 0.0000e+00  0.0000
20030414.5 2452744.0  278.28  278.28 43 26 1.8362e-01 0.0000e+00  0.0000
20030414.5 2452744.0  278.44  278.44 43 26 1.7184e-01 0.0000e+00  0.0000
20030414.5 2452744.0  278.60  278.60 43 26 1.6009e-01 0.0000e+00  0.0000
20030414.5 2452744.0  278.76  278.76 43 26 1.4780e-01 0.0000e+00  0.0000
20030414.5 2452744.0  278.92  278.92 43 26 1.3464e-01 0.0000e+00  0.0000
20030414.5 2452744.0  279.08  279.08 43 26 1.2103e-01 0.0000e+00  0.0000
20030414.5 2452744.0  279.24  279.24 43 26 1.0799e-01 0.0000e+00  0.0000
20030414.5 2452744.0  279.40  279.40 43 26 9.6519e-02 0.0000e+00  0.0000
20030414.5 2452744.0  279.57  279.57 43 26 8.6659e-02 0.0000e+00  0.0000
20030414.5 2452744.0  279.73  279.73 43 26 8.0522e-02 0.0000e+00  0.0000
20030414.5 2452744.0  279.89  279.89 43 26 7.8243e-02 0.0000e+00  0.0000
20030414.5 2452744.0  280.05  280.05 43 26 7.9180e-02 0.0000e+00  0.0000
20030414.5 2452744.0  280.22  280.22 43 26 8.4168e-02 0.0000e+00  0.0000
20030414.5 2452744.0  280.38  280.38 43 26 9.2173e-02 0.0000e+00  0.0000
20030414.5 2452744.0  280.55  280.55 43 26 1.0416e-01 0.0000e+00  0.0000
20030414.5 2452744.0  280.71  280.71 43 26 1.1856e-01 0.0000e+00  0.0000
20030414.5 2452744.0  280.88  280.88 43 26 1.3740e-01 0.0000e+00  0.0000
20030414.5 2452744.0  281.04  281.04 43 26 1.5661e-01 0.0000e+00  0.0000
20030414.5 2452744.0  281.21  281.21 43 26 1.7887e-01 0.0000e+00  0.0000
20030414.5 2452744.0  281.38  281.38 43 26 2.0213e-01 0.0000e+00  0.0000
20030414.5 2452744.0  281.54  281.54 43 26 2.2340e-01 0.0000e+00  0.0000
20030414.5 2452744.0  281.71  281.71 43 26 2.4431e-01 0.0000e+00  0.0000
20030414.5 2452744.0  281.88  281.88 43 26 2.6117e-01 0.0000e+00  0.0000
20030414.5 2452744.0  282.04  282.04 43 26 2.7570e-01 0.0000e+00  0.0000
20030414.5 2452744.0  282.21  282.21 43 26 2.8995e-01 0.0000e+00  0.0000
20030414.5 2452744.0  282.38  282.38 43 26 3.0234e-01 0.0000e+00  0.0000
20030414.5 2452744.0  282.55  282.55 43 26 3.1192e-01 0.0000e+00  0.0000
20030414.5 2452744.0  282.72  282.72 43 26 3.1829e-01 0.0000e+00  0.0000
20030414.5 2452744.0  282.89  282.89 43 26 3.2337e-01 0.0000e+00  0.0000
20030414.5 2452744.0  283.06  283.06 43 26 3.2860e-01 0.0000e+00  0.0000
20030414.5 2452744.0  283.23  283.23 43 26 3.3168e-01 0.0000e+00  0.0000
20030414.5 2452744.0  283.40  283.40 43 26 3.3199e-01 0.0000e+00  0.0000
20030414.5 2452744.0  283.57  283.57 43 26 3.2968e-01 0.0000e+00  0.0000
20030414.5 2452744.0  283.74  283.74 43 26 3.2624e-01 0.0000e+00  0.0000
20030414.5 2452744.0  283.92  283.92 43 26 3.1939e-01 0.0000e+00  0.0000
20030414.5 2452744.0  284.09  284.09 43 26 3.0707e-01 0.0000e+00  0.0000
20030414.5 2452744.0  284.26  284.26 43 26 2.8872e-01 0.0000e+00  0.0000
20030414.5 2452744.0  284.43  284.43 43 26 2.6600e-01 0.0000e+00  0.0000
20030414.5 2452744.0  284.61  284.61 43 26 2.3841e-01 0.0000e+00  0.0000
20030414.5 2452744.0  284.78  284.78 43 26 2.1071e-01 0.0000e+00  0.0000
20030414.5 2452744.0  284.96  284.96 43 26 1.8466e-01 0.0000e+00  0.0000
20030414.5 2452744.0  285.13  285.13 43 26 1.6892e-01 0.0000e+00  0.0000
20030414.5 2452744.0  285.31  285.31 43 26 1.6583e-01 0.0000e+00  0.0000
20030414.5 2452744.0  285.48  285.48 43 26 1.7566e-01 0.0000e+00  0.0000
20030414.5 2452744.0  285.66  285.66 43 26 1.9865e-01 0.0000e+00  0.0000
20030414.5 2452744.0  285.83  285.83 43 26 2.2779e-01 0.0000e+00  0.0000
20030414.5 2452744.0  286.01  286.01 43 26 2.6253e-01 0.0000e+00  0.0000
20030414.5 2452744.0  286.19  286.19 43 26 2.9637e-01 0.0000e+00  0.0000
20030414.5 2452744.0  286.36  286.36 43 26 3.2562e-01 0.0000e+00  0.0000
20030414.5 2452744.0  286.54  286.54 43 26 3.5069e-01 0.0000e+00  0.0000
20030414.5 2452744.0  286.72  286.72 43 26 3.6756e-01 0.0000e+00  0.0000
20030414.5 2452744.0  286.90  286.90 43 26 3.7807e-01 0.0000e+00  0.0000
20030414.5 2452744.0  287.08  287.08 43 26 3.8315e-01 0.0000e+00  0.0000
20030414.5 2452744.0  287.26  287.26 43 26 3.7967e-01 0.0000e+00  0.0000
20030414.5 2452744.0  287.44  287.44 43 26 3.6830e-01 0.0000e+00  0.0000
20030414.5 2452744.0  287.62  287.62 43 26 3.5494e-01 0.0000e+00  0.0000
20030414.5 2452744.0  287.80  287.80 43 26 3.4405e-01 0.0000e+00  0.0000
20030414.5 2452744.0  287.98  287.98 43 26 3.3660e-01 0.0000e+00  0.0000
20030414.5 2452744.0  288.16  288.16 43 26 3.3365e-01 0.0000e+00  0.0000
20030414.5 2452744.0  288.34  288.34 43 26 3.3992e-01 0.0000e+00  0.0000
20030414.5 2452744.0  288.53  288.53 43 26 3.5837e-01 0.0000e+00  0.0000
20030414.5 2452744.0  288.71  288.71 43 26 3.8201e-01 0.0000e+00  0.0000
20030414.5 2452744.0  288.89  288.89 43 26 4.0751e-01 0.0000e+00  0.0000
20030414.5 2452744.0  289.08  289.08 43 26 4.3747e-01 0.0000e+00  0.0000
20030414.5 2452744.0  289.26  289.26 43 26 4.6981e-01 0.0000e+00  0.0000
20030414.5 2452744.0  289.45  289.45 43 26 5.0449e-01 0.0000e+00  0.0000
20030414.5 2452744.0  289.63  289.63 43 26 5.3690e-01 0.0000e+00  0.0000
20030414.5 2452744.0  289.82  289.82 43 26 5.6927e-01 0.0000e+00  0.0000
20030414.5 2452744.0  290.00  290.00 43 26 5.9726e-01 0.0000e+00  0.0000
20030414.5 2452744.0  290.19  290.19 43 26 6.2202e-01 0.0000e+00  0.0000
20030414.5 2452744.0  290.38  290.38 43 26 6.4020e-01 0.0000e+00  0.0000
20030414.5 2452744.0  290.56  290.56 43 26 6.5080e-01 0.0000e+00  0.0000
20030414.5 2452744.0  290.75  290.75 43 26 6.5215e-01 0.0000e+00  0.0000
20030414.5 2452744.0  290.94  290.94 43 26 6.4777e-01 0.0000e+00  0.0000
20030414.5 2452744.0  291.13  291.13 43 26 6.4260e-01 0.0000e+00  0.0000
20030414.5 2452744.0  291.32  291.32 43 26 6.3733e-01 0.0000e+00  0.0000
20030414.5 2452744.0  291.51  291.51 43 26 6.2881e-01 0.0000e+00  0.0000
20030414.5 2452744.0  291.70  291.70 43 26 6.1578e-01 0.0000e+00  0.0000
20030414.5 2452744.0  291.89  291.89 43 26 6.0187e-01 0.0000e+00  0.0000
20030414.5 2452744.0  292.08  292.08 43 26 5.9010e-01 0.0000e+00  0.0000
20030414.5 2452744.0  292.27  292.27 43 26 5.8137e-01 0.0000e+00  0.0000
20030414.5 2452744.0  292.46  292.46 43 26 5.7447e-01 0.0000e+00  0.0000
20030414.5 2452744.0  292.65  292.65 43 26 5.7163e-01 0.0000e+00  0.0000
20030414.5 2452744.0  292.85  292.85 43 26 5.7191e-01 0.0000e+00  0.0000
20030414.5 2452744.0  293.04  293.04 43 26 5.7617e-01 0.0000e+00  0.0000
20030414.5 2452744.0  293.23  293.23 43 26 5.8120e-01 0.0000e+00  0.0000
20030414.5 2452744.0  293.43  293.43 43 26 5.8251e-01 0.0000e+00  0.0000
20030414.5 2452744.0  293.62  293.62 43 26 5.7997e-01 0.0000e+00  0.0000
20030414.5 2452744.0  293.82  293.82 43 26 5.7222e-01 0.0000e+00  0.0000
20030414.5 2452744.0  294.01  294.01 43 26 5.6457e-01 0.0000e+00  0.0000
20030414.5 2452744.0  294.21  294.21 43 26 5.6095e-01 0.0000e+00  0.0000
20030414.5 2452744.0  294.40  294.40 43 26 5.5798e-01 0.0000e+00  0.0000
20030414.5 2452744.0  294.60  294.60 43 26 5.5689e-01 0.0000e+00  0.0000
20030414.5 2452744.0  294.80  294.80 43 26 5.5892e-01 0.0000e+00  0.0000
20030414.5 2452744.0  295.00  295.00 43 26 5.6727e-01 0.0000e+00  0.0000
20030414.5 2452744.0  295.19  295.19 43 26 5.8098e-01 0.0000e+00  0.0000
20030414.5 2452744.0  295.39  295.39 43 26 5.9365e-01 0.0000e+00  0.0000
20030414.5 2452744.0  295.59  295.59 43 26 5.9738e-01 0.0000e+00  0.0000
20030414.5 2452744.0  295.79  295.79 43 26 5.9616e-01 0.0000e+00  0.0000
20030414.5 2452744.0  295.99  295.99 43 26 5.9182e-01 0.0000e+00  0.0000
20030414.5 2452744.0  296.19  296.19 43 26 5.8150e-01 0.0000e+00  0.0000
20030414.5 2452744.0  296.39  296.39 43 26 5.6191e-01 0.0000e+00  0.0000
20030414.5 2452744.0  296.60  296.60 43 26 5.3921e-01 0.0000e+00  0.0000
20030414.5 2452744.0  296.80  296.80 43 26 5.2822e-01 0.0000e+00  0.0000
20030414.5 2452744.0  297.00  297.00 43 26 5.2787e-01 0.0000e+00  0.0000
20030414.5 2452744.0  297.20  297.20 43 26 5.3137e-01 0.0000e+00  0.0000
20030414.5 2452744.0  297.41  297.41 43 26 5.3590e-01 0.0000e+00  0.0000
20030414.5 2452744.0  297.61  297.61 43 26 5.4022e-01 0.0000e+00  0.0000
20030414.5 2452744.0  297.82  297.82 43 26 5.4259e-01 0.0000e+00  0.0000
20030414.5 2452744.0  298.02  298.02 43 26 5.3824e-01 0.0000e+00  0.0000
20030414.5 2452744.0  298.23  298.23 43 26 5.2585e-01 0.0000e+00  0.0000
20030414.5 2452744.0  298.44  298.44 43 26 5.1183e-01 0.0000e+00  0.0000
20030414.5 2452744.0  298.64  298.64 43 26 5.0562e-01 0.0000e+00  0.0000
20030414.5 2452744.0  298.85  298.85 43 26 5.0716e-01 0.0000e+00  0.0000
20030414.5 2452744.0  299.06  299.06 43 26 5.0781e-01 0.0000e+00  0.0000
20030414.5 2452744.0  299.27  299.27 43 26 5.0382e-01 0.0000e+00  0.0000
20030414.5 2452744.0  299.47  299.47 43 26 4.9892e-01 0.0000e+00  0.0000
20030414.5 2452744.0  299.68  299.68 43 26 4.9354e-01 0.0000e+00  0.0000
20030414.5 2452744.0  299.89  299.89 43 26 4.8303e-01 0.0000e+00  0.0000
20030414.5 2452744.0  300.10  300.10 43 26 4.6653e-01 0.0000e+00  0.0000
20030414.5 2452744.0  300.32  300.32 43 26 4.5534e-01 0.0000e+00  0.0000
20030414.5 2452744.0  300.53  300.53 43 26 4.5738e-01 0.0000e+00  0.0000
20030414.5 2452744.0  300.74  300.74 43 26 4.6272e-01 0.0000e+00  0.0000
20030414.5 2452744.0  300.95  300.95 43 26 4.6399e-01 0.0000e+00  0.0000
20030414.5 2452744.0  301.17  301.17 43 26 4.6636e-01 0.0000e+00  0.0000
20030414.5 2452744.0  301.38  301.38 43 26 4.7103e-01 0.0000e+00  0.0000
20030414.5 2452744.0  301.59  301.59 43 26 4.7224e-01 0.0000e+00  0.0000
20030414.5 2452744.0  301.81  301.81 43 26 4.7219e-01 0.0000e+00  0.0000
20030414.5 2452744.0  302.02  302.02 43 26 4.7560e-01 0.0000e+00  0.0000
20030414.5 2452744.0  302.24  302.24 43 26 4.9275e-01 0.0000e+00  0.0000
20030414.5 2452744.0  302.46  302.46 43 26 5.2192e-01 0.0000e+00  0.0000
20030414.5 2452744.0  302.67  302.67 43 26 5.5082e-01 0.0000e+00  0.0000
20030414.5 2452744.0  302.89  302.89 43 26 5.8023e-01 0.0000e+00  0.0000
20030414.5 2452744.0  303.11  303.11 43 26 6.0497e-01 0.0000e+00  0.0000
20030414.5 2452744.0  303.33  303.33 43 26 6.2547e-01 0.0000e+00  0.0000
20030414.5 2452744.0  303.55  303.55 43 26 6.3596e-01 0.0000e+00  0.0000
20030414.5 2452744.0  303.77  303.77 43 26 6.3082e-01 0.0000e+00  0.0000
20030414.5 2452744.0  303.99  303.99 43 26 6.2626e-01 0.0000e+00  0.0000
20030414.5 2452744.0  304.21  304.21 43 26 6.2645e-01 0.0000e+00  0.0000
20030414.5 2452744.0  304.43  304.43 43 26 6.2824e-01 0.0000e+00  0.0000
20030414.5 2452744.0  304.65  304.65 43 26 6.2587e-01 0.0000e+00  0.0000
20030414.5 2452744.0  304.88  304.88 43 26 6.1985e-01 0.0000e+00  0.0000
20030414.5 2452744.0  305.10  305.10 43 26 6.2085e-01 0.0000e+00  0.0000
20030414.5 2452744.0  305.32  305.32 43 26 6.1851e-01 0.0000e+00  0.0000
20030414.5 2452744.0  305.55  305.55 43 26 6.0798e-01 0.0000e+00  0.0000
20030414.5 2452744.0  305.77  305.77 43 26 5.9452e-01 0.0000e+00  0.0000
20030414.5 2452744.0  310.25  310.25 41 26 5.7503e-01 0.0000e+00  0.0000
20030414.5 2452744.0  310.48  310.48 41 26 6.2674e-01 0.0000e+00  0.0000
20030414.5 2452744.0  310.71  310.71 41 26 6.7011e-01 0.0000e+00  0.0000
20030414.5 2452744.0  310.95  310.95 41 26 6.9993e-01 0.0000e+00  0.0000
20030414.5 2452744.0  311.18  311.18 41 26 7.1661e-01 0.0000e+00  0.0000
20030414.5 2452744.0  311.42  311.42 41 26 7.2282e-01 0.0000e+00  0.0000
20030414.5 2452744.0  311.65  311.65 41 26 7.1353e-01 0.0000e+00  0.0000
20030414.5 2452744.0  311.89  311.89 41 26 6.9214e-01 0.0000e+00  0.0000
20030414.5 2452744.0  312.12  312.12 41 26 6.7646e-01 0.0000e+00  0.0000
20030414.5 2452744.0  312.36  312.36 41 26 6.6753e-01 0.0000e+00  0.0000
20030414.5 2452744.0  312.60  312.60 41 26 6.6457e-01 0.0000e+00  0.0000
20030414.5 2452744.0  312.84  312.84 41 26 6.7188e-01 0.0000e+00  0.0000
20030414.5 2452744.0  313.08  313.08 41 26 6.8346e-01 0.0000e+00  0.0000
20030414.5 2452744.0  313.32  313.32 41 26 6.8931e-01 0.0000e+00  0.0000
20030414.5 2452744.0  313.56  313.56 41 26 6.9042e-01 0.0000e+00  0.0000
20030414.5 2452744.0  313.80  313.80 41 26 6.9150e-01 0.0000e+00  0.0000
20030414.5 2452744.0  314.04  314.04 41 26 6.9042e-01 0.0000e+00  0.0000
20030414.5 2452744.0  314.28  314.28 41 26 6.8362e-01 0.0000e+00  0.0000
20030414.5 2452744.0  314.53  314.53 41 26 6.7445e-01 0.0000e+00  0.0000
20030414.5 2452744.0  314.77  314.77 41 26 6.6531e-01 0.0000e+00  0.0000
20030414.5 2452744.0  315.02  315.02 41 26 6.5530e-01 0.0000e+00  0.0000
20030414.5 2452744.0  315.26  315.26 41 26 6.4254e-01 0.0000e+00  0.0000
20030414.5 2452744.0  315.51  315.51 41 26 6.2566e-01 0.0000e+00  0.0000
20030414.5 2452744.0  315.75  315.75 41 26 6.1373e-01 0.0000e+00  0.0000
20030414.5 2452744.0  316.00  316.00 41 26 6.1368e-01 0.0000e+00  0.0000
20030414.5 2452744.0  316.25  316.25 41 26 6.2755e-01 0.0000e+00  0.0000
20030414.5 2452744.0  316.50  316.50 41 26 6.5403e-01 0.0000e+00  0.0000
20030414.5 2452744.0  316.75  316.75 41 26 6.8335e-01 0.0000e+00  0.0000
20030414.5 2452744.0  317.00  317.00 41 26 7.1081e-01 0.0000e+00  0.0000
20030414.5 2452744.0  317.25  317.25 41 26 7.2981e-01 0.0000e+00  0.0000
20030414.5 2452744.0  317.50  317.50 41 26 7.3657e-01 0.0000e+00  0.0000
20030414.5 2452744.0  317.75  317.75 41 26 7.3101e-01 0.0000e+00  0.0000
20030414.5 2452744.0  318.01  318.01 41 26 7.0974e-01 0.0000e+00  0.0000
20030414.5 2452744.0  318.26  318.26 41 26 6.8896e-01 0.0000e+00  0.0000
20030414.5 2452744.0  318.51  318.51 41 26 6.7953e-01 0.0000e+00  0.0000
20030414.5 2452744.0  318.77  318.77 41 26 6.7678e-01 0.0000e+00  0.0000
20030414.5 2452744.0  319.02  319.02 41 26 6.8394e-01 0.0000e+00  0.0000
20030414.5 2452744.0  319.28  319.28 41 26 6.9817e-01 0.0000e+00  0.0000
20030414.5 2452744.0  319.54  319.54 41 26 7.2230e-01 0.0000e+00  0.0000
20030414.5 2452744.0  319.80  319.80 41 26 7.4705e-01 0.0000e+00  0.0000
20030414.5 2452744.0  320.06  320.06 41 26 7.6153e-01 0.0000e+00  0.0000
20030414.5 2452744.0  320.32  320.32 41 26 7.6739e-01 0.0000e+00  0.0000
20030414.5 2452744.0  320.58  320.58 41 26 7.6641e-01 0.0000e+00  0.0000
20030414.5 2452744.0  320.84  320.84 41 26 7.5858e-01 0.0000e+00  0.0000
20030414.5 2452744.0  321.10  321.10 41 26 7.4309e-01 0.0000e+00  0.0000
20030414.5 2452744.0  321.36  321.36 41 26 7.2715e-01 0.0000e+00  0.0000
20030414.5 2452744.0  321.62  321.62 41 26 7.1394e-01 0.0000e+00  0.0000
20030414.5 2452744.0  321.89  321.89 41 26 7.0304e-01 0.0000e+00  0.0000
20030414.5 2452744.0  322.15  322.15 41 26 6.9477e-01 0.0000e+00  0.0000
20030414.5 2452744.0  322.42  322.42 41 26 6.8343e-01 0.0000e+00  0.0000
20030414.5 2452744.0  322.69  322.69 41 26 6.7443e-01 0.0000e+00  0.0000
20030414.5 2452744.0  322.95  322.95 41 26 6.7115e-01 0.0000e+00  0.0000
20030414.5 2452744.0  323.22  323.22 41 26 6.7509e-01 0.0000e+00  0.0000
20030414.5 2452744.0  323.49  323.49 41 26 6.8350e-01 0.0000e+00  0.0000
20030414.5 2452744.0  323.76  323.76 41 26 6.9785e-01 0.0000e+00  0.0000
20030414.5 2452744.0  324.03  324.03 41 26 7.1892e-01 0.0000e+00  0.0000
20030414.5 2452744.0  324.30  324.30 41 26 7.4683e-01 0.0000e+00  0.0000
20030414.5 2452744.0  324.57  324.57 41 26 7.7522e-01 0.0000e+00  0.0000
20030414.5 2452744.0  324.85  324.85 41 26 8.0576e-01 0.0000e+00  0.0000
20030414.5 2452744.0  325.12  325.12 41 26 8.3566e-01 0.0000e+00  0.0000
20030414.5 2452744.0  325.39  325.39 41 26 8.6992e-01 0.0000e+00  0.0000
20030414.5 2452744.0  325.67  325.67 41 26 9.0634e-01 0.0000e+00  0.0000
20030414.5 2452744.0  325.94  325.94 41 26 9.3612e-01 0.0000e+00  0.0000
20030414.5 2452744.0  326.22  326.22 41 26 9.5882e-01 0.0000e+00  0.0000
20030414.5 2452744.0  326.50  326.50 41 26 9.7302e-01 0.0000e+00  0.0000
20030414.5 2452744.0  326.78  326.78 41 26 9.7851e-01 0.0000e+00  0.0000
20030414.5 2452744.0  327.06  327.06 41 26 9.7717e-01 0.0000e+00  0.0000
20030414.5 2452744.0  327.34  327.34 41 26 9.6431e-01 0.0000e+00  0.0000
20030414.5 2452744.0  327.62  327.62 41 26 9.5151e-01 0.0000e+00  0.0000
20030414.5 2452744.0  327.90  327.90 41 26 9.4638e-01 0.0000e+00  0.0000
20030414.5 2452744.0  328.18  328.18 41 26 9.4635e-01 0.0000e+00  0.0000
20030414.5 2452744.0  328.47  328.47 41 26 9.5500e-01 0.0000e+00  0.0000
20030414.5 2452744.0  328.75  328.75 41 26 9.7223e-01 0.0000e+00  0.0000
20030414.5 2452744.0  329.04  329.04 41 26 9.9753e-01 0.0000e+00  0.0000
20030414.5 2452744.0  329.32  329.32 41 26 1.0199e+00 0.0000e+00  0.0000
20030414.5 2452744.0  329.61  329.61 41 26 1.0382e+00 0.0000e+00  0.0000
20030414.5 2452744.0  329.90  329.90 41 26 1.0462e+00 0.0000e+00  0.0000
20030414.5 2452744.0  330.19  330.19 41 26 1.0429e+00 0.0000e+00  0.0000
20030414.5 2452744.0  330.48  330.48 41 26 1.0297e+00 0.0000e+00  0.0000
20030414.5 2452744.0  330.77  330.77 41 26 1.0123e+00 0.0000e+00  0.0000
20030414.5 2452744.0  331.06  331.06 41 26 9.9499e-01 0.0000e+00  0.0000
20030414.5 2452744.0  331.35  331.35 41 26 9.8301e-01 0.0000e+00  0.0000
20030414.5 2452744.0  331.64  331.64 41 26 9.7416e-01 0.0000e+00  0.0000
20030414.5 2452744.0  331.94  331.94 41 26 9.7042e-01 0.0000e+00  0.0000
20030414.5 2452744.0  332.23  332.23 41 26 9.6461e-01 0.0000e+00  0.0000
20030414.5 2452744.0  332.53  332.53 41 26 9.5772e-01 0.0000e+00  0.0000
20030414.5 2452744.0  332.83  332.83 41 26 9.5030e-01 0.0000e+00  0.0000
20030414.5 2452744.0  333.12  333.12 41 26 9.4697e-01 0.0000e+00  0.0000
20030414.5 2452744.0  333.42  333.42 41 26 9.4450e-01 0.0000e+00  0.0000
20030414.5 2452744.0  333.72  333.72 41 26 9.4244e-01 0.0000e+00  0.0000
20030414.5 2452744.0  334.02  334.02 41 26 9.5115e-01 0.0000e+00  0.0000
20030414.5 2452744.0  334.32  334.32 41 26 9.6385e-01 0.0000e+00  0.0000
20030414.5 2452744.0  334.63  334.63 41 26 9.6278e-01 0.0000e+00  0.0000
20030414.5 2452744.0  334.93  334.93 41 26 9.5732e-01 0.0000e+00  0.0000
20030414.5 2452744.0  335.23  335.23 41 26 9.5265e-01 0.0000e+00  0.0000
20030414.5 2452744.0  335.54  335.54 41 26 9.3553e-01 0.0000e+00  0.0000
20030414.5 2452744.0  335.85  335.85 41 26 9.0359e-01 0.0000e+00  0.0000
20030414.5 2452744.0  336.15  336.15 41 26 8.7537e-01 0.0000e+00  0.0000
20030414.5 2452744.0  336.46  336.46 41 26 8.6089e-01 0.0000e+00  0.0000
20030414.5 2452744.0  336.77  336.77 41 26 8.5407e-01 0.0000e+00  0.0000
20030414.5 2452744.0  337.08  337.08 41 26 8.4973e-01 0.0000e+00  0.0000
20030414.5 2452744.0  337.39  337.39 41 26 8.6139e-01 0.0000e+00  0.0000
20030414.5 2452744.0  337.71  337.71 41 26 8.8453e-01 0.0000e+00  0.0000
20030414.5 2452744.0  338.02  338.02 41 26 9.0289e-01 0.0000e+00  0.0000
20030414.5 2452744.0  338.33  338.33 41 26 9.1866e-01 0.0000e+00  0.0000
20030414.5 2452744.0  338.65  338.65 41 26 9.4371e-01 0.0000e+00  0.0000
20030414.5 2452744.0  338.96  338.96 41 26 9.6650e-01 0.0000e+00  0.0000
20030414.5 2452744.0  339.28  339.28 41 26 9.7996e-01 0.0000e+00  0.0000
20030414.5 2452744.0  339.60  339.60 41 26 9.9213e-01 0.0000e+00  0.0000
20030414.5 2452744.0  339.92  339.92 41 26 1.0053e+00 0.0000e+00  0.0000
20030414.5 2452744.0  340.24  340.24 41 26 1.0076e+00 0.0000e+00  0.0000
20030414.5 2452744.0  340.56  340.56 41 26 1.0033e+00 0.0000e+00  0.0000
20030414.5 2452744.0  340.88  340.88 41 26 9.9496e-01 0.0000e+00  0.0000
20030414.5 2452744.0  341.21  341.21 41 26 9.8978e-01 0.0000e+00  0.0000
20030414.5 2452744.0  341.53  341.53 41 26 9.8741e-01 0.0000e+00  0.0000
20030414.5 2452744.0  341.86  341.86 41 26 9.9039e-01 0.0000e+00  0.0000
20030414.5 2452744.0  342.18  342.18 41 26 9.9821e-01 0.0000e+00  0.0000
20030414.5 2452744.0  342.51  342.51 41 26 9.9825e-01 0.0000e+00  0.0000
20030414.5 2452744.0  342.84  342.84 41 26 9.8850e-01 0.0000e+00  0.0000
20030414.5 2452744.0  343.17  343.17 41 26 9.7123e-01 0.0000e+00  0.0000
20030414.5 2452744.0  343.50  343.50 41 26 9.4979e-01 0.0000e+00  0.0000
20030414.5 2452744.0  343.83  343.83 41 26 9.2351e-01 0.0000e+00  0.0000
20030414.5 2452744.0  344.17  344.17 41 26 9.0068e-01 0.0000e+00  0.0000
20030414.5 2452744.0  344.50  344.50 41 26 8.9005e-01 0.0000e+00  0.0000
20030414.5 2452744.0  344.84  344.84 41 26 8.9546e-01 0.0000e+00  0.0000
20030414.5 2452744.0  345.17  345.17 41 26 9.0882e-01 0.0000e+00  0.0000
20030414.5 2452744.0  345.51  345.51 41 26 9.2515e-01 0.0000e+00  0.0000
20030414.5 2452744.0  345.85  345.85 41 26 9.3797e-01 0.0000e+00  0.0000
20030414.5 2452744.0  346.19  346.19 41 26 9.4535e-01 0.0000e+00  0.0000
20030414.5 2452744.0  346.53  346.53 41 26 9.5207e-01 0.0000e+00  0.0000
20030414.5 2452744.0  346.88  346.88 41 26 9.5070e-01 0.0000e+00  0.0000
20030414.5 2452744.0  347.22  347.22 41 26 9.4599e-01 0.0000e+00  0.0000
20030414.5 2452744.0  347.56  347.56 41 26 9.3659e-01 0.0000e+00  0.0000
20030414.5 2452744.0  347.91  347.91 41 26 9.3086e-01 0.0000e+00  0.0000
20030414.5 2452744.0  348.26  348.26 41 26 9.2905e-01 0.0000e+00  0.0000
20030414.5 2452744.0  348.60  348.60 41 26 9.3140e-01 0.0000e+00  0.0000
20030414.5 2452744.0  348.95  348.95 41 26 9.3797e-01 0.0000e+00  0.0000
20030414.5 2452744.0  349.30  349.30 41 26 9.5192e-01 0.0000e+00  0.0000
20030414.5 2452744.0  349.66  349.66 41 26 9.7156e-01 0.0000e+00  0.0000
20030414.5 2452744.0  350.01  350.01 41 26 9.9266e-01 0.0000e+00  0.0000
20030414.5 2452744.0  350.36  350.36 41 26 1.0171e+00 0.0000e+00  0.0000
20030414.5 2452744.0  350.72  350.72 41 26 1.0242e+00 0.0000e+00  0.0000
20030414.5 2452744.0  351.08  351.08 41 26 1.0184e+00 0.0000e+00  0.0000
20030414.5 2452744.0  351.43  351.43 41 26 1.0119e+00 0.0000e+00  0.0000
20030414.5 2452744.0  351.79  351.79 41 26 1.0062e+00 0.0000e+00  0.0000
20030414.5 2452744.0  352.15  352.15 41 26 9.9741e-01 0.0000e+00  0.0000
20030414.5 2452744.0  352.52  352.52 41 26 9.9388e-01 0.0000e+00  0.0000
20030414.5 2452744.0  352.88  352.88 41 26 1.0084e+00 0.0000e+00  0.0000
20030414.5 2452744.0  353.24  353.24 41 26 1.0377e+00 0.0000e+00  0.0000
20030414.5 2452744.0  353.61  353.61 41 26 1.0656e+00 0.0000e+00  0.0000
20030414.5 2452744.0  353.98  353.98 41 26 1.0864e+00 0.0000e+00  0.0000
20030414.5 2452744.0  354.34  354.34 41 26 1.1043e+00 0.0000e+00  0.0000
20030414.5 2452744.0  354.71  354.71 41 26 1.1140e+00 0.0000e+00  0.0000
20030414.5 2452744.0  355.08  355.08 41 26 1.1019e+00 0.0000e+00  0.0000
20030414.5 2452744.0  355.46  355.46 41 26 1.0726e+00 0.0000e+00  0.0000
20030414.5 2452744.0  355.83  355.83 41 26 1.0394e+00 0.0000e+00  0.0000
20030414.5 2452744.0  356.20  356.20 41 26 1.0012e+00 0.0000e+00  0.0000
20030414.5 2452744.0  356.58  356.58 41 26 9.5089e-01 0.0000e+00  0.0000
20030414.5 2452744.0  356.96  356.96 41 26 8.9695e-01 0.0000e+00  0.0000
20030414.5 2452744.0  357.34  357.34 41 26 8.6013e-01 0.0000e+00  0.0000
20030414.5 2452744.0  357.72  357.72 41 26 8.4074e-01 0.0000e+00  0.0000
20030414.5 2452744.0  358.10  358.10 41 26 8.3573e-01 0.0000e+00  0.0000
20030414.5 2452744.0  358.48  358.48 41 26 8.4723e-01 0.0000e+00  0.0000
20030414.5 2452744.0  358.86  358.86 41 26 8.8044e-01 0.0000e+00  0.0000
20030414.5 2452744.0  359.25  359.25 41 26 9.2166e-01 0.0000e+00  0.0000
20030414.5 2452744.0  359.64  359.64 41 26 9.5983e-01 0.0000e+00  0.0000
20030414.5 2452744.0  360.03  360.03 41 26 9.8036e-01 0.0000e+00  0.0000
20030414.5 2452744.0  360.42  360.42 41 26 9.8613e-01 0.0000e+00  0.0000
20030414.5 2452744.0  360.81  360.81 41 26 9.8563e-01 0.0000e+00  0.0000
20030414.5 2452744.0  361.20  361.20 41 26 9.8432e-01 0.0000e+00  0.0000
20030414.5 2452744.0  361.59  361.59 41 26 9.7764e-01 0.0000e+00  0.0000
20030414.5 2452744.0  361.99  361.99 41 26 9.7920e-01 0.0000e+00  0.0000
20030414.5 2452744.0  362.39  362.39 41 26 9.9425e-01 0.0000e+00  0.0000
20030414.5 2452744.0  362.79  362.79 41 26 1.0147e+00 0.0000e+00  0.0000
20030414.5 2452744.0  363.19  363.19 41 26 1.0240e+00 0.0000e+00  0.0000
20030414.5 2452744.0  363.59  363.59 41 26 1.0368e+00 0.0000e+00  0.0000
20030414.5 2452744.0  363.99  363.99 41 26 1.0602e+00 0.0000e+00  0.0000
20030414.5 2452744.0  364.39  364.39 41 26 1.0834e+00 0.0000e+00  0.0000
20030414.5 2452744.0  364.80  364.80 41 26 1.1054e+00 0.0000e+00  0.0000
20030414.5 2452744.0  365.21  365.21 41 26 1.1367e+00 0.0000e+00  0.0000
20030414.5 2452744.0  365.62  365.62 41 26 1.1795e+00 0.0000e+00  0.0000
20030414.5 2452744.0  366.03  366.03 41 26 1.2071e+00 0.0000e+00  0.0000
20030414.5 2452744.0  366.44  366.44 41 26 1.2197e+00 0.0000e+00  0.0000
20030414.5 2452744.0  366.85  366.85 41 26 1.2230e+00 0.0000e+00  0.0000
20030414.5 2452744.0  367.27  367.27 41 26 1.2233e+00 0.0000e+00  0.0000
20030414.5 2452744.0  367.69  367.69 41 26 1.2162e+00 0.0000e+00  0.0000
20030414.5 2452744.0  368.10  368.10 41 26 1.2101e+00 0.0000e+00  0.0000
20030414.5 2452744.0  368.52  368.52 41 26 1.2051e+00 0.0000e+00  0.0000
20030414.5 2452744.0  368.95  368.95 41 26 1.2058e+00 0.0000e+00  0.0000
20030414.5 2452744.0  369.37  369.37 41 26 1.2160e+00 0.0000e+00  0.0000
20030414.5 2452744.0  369.79  369.79 41 26 1.2251e+00 0.0000e+00  0.0000
20030414.5 2452744.0  370.22  370.22 41 26 1.2184e+00 0.0000e+00  0.0000
20030414.5 2452744.0  370.65  370.65 41 26 1.2066e+00 0.0000e+00  0.0000
20030414.5 2452744.0  371.08  371.08 41 26 1.1959e+00 0.0000e+00  0.0000
20030414.5 2452744.0  371.51  371.51 41 26 1.1717e+00 0.0000e+00  0.0000
20030414.5 2452744.0  371.94  371.94 41 26 1.1332e+00 0.0000e+00  0.0000
20030414.5 2452744.0  372.38  372.38 41 26 1.0933e+00 0.0000e+00  0.0000
20030414.5 2452744.0  372.81  372.81 41 26 1.0567e+00 0.0000e+00  0.0000
20030414.5 2452744.0  373.25  373.25 41 26 1.0241e+00 0.0000e+00  0.0000
20030414.5 2452744.0  373.69  373.69 41 26 9.9662e-01 0.0000e+00  0.0000
20030414.5 2452744.0  374.13  374.13 41 26 9.8735e-01 0.0000e+00  0.0000
20030414.5 2452744.0  374.58  374.58 41 26 9.9343e-01 0.0000e+00  0.0000
20030414.5 2452744.0  375.02  375.02 41 26 1.0089e+00 0.0000e+00  0.0000
20030414.5 2452744.0  375.47  375.47 41 26 1.0454e+00 0.0000e+00  0.0000
20030414.5 2452744.0  375.92  375.92 41 26 1.0932e+00 0.0000e+00  0.0000
20030414.5 2452744.0  376.37  376.37 41 26 1.1431e+00 0.0000e+00  0.0000
20030414.5 2452744.0  376.82  376.82 41 26 1.1873e+00 0.0000e+00  0.0000
20030414.5 2452744.0  377.28  377.28 41 26 1.2305e+00 0.0000e+00  0.0000
20030414.5 2452744.0  377.73  377.73 41 26 1.2557e+00 0.0000e+00  0.0000
20030414.5 2452744.0  378.19  378.19 41 26 1.2635e+00 0.0000e+00  0.0000
20030414.5 2452744.0  378.65  378.65 41 26 1.2601e+00 0.0000e+00  0.0000
20030414.5 2452744.0  379.11  379.11 41 26 1.2453e+00 0.0000e+00  0.0000
20030414.5 2452744.0  379.57  379.57 41 26 1.2223e+00 0.0000e+00  0.0000
20030414.5 2452744.0  380.04  380.04 41 26 1.1938e+00 0.0000e+00  0.0000
20030414.5 2452744.0  380.51  380.51 41 26 1.1596e+00 0.0000e+00  0.0000
20030414.5 2452744.0  380.98  380.98 41 26 1.1122e+00 0.0000e+00  0.0000
20030414.5 2452744.0  381.45  381.45 41 26 1.0513e+00 0.0000e+00  0.0000
20030414.5 2452744.0  381.92  381.92 41 26 9.8489e-01 0.0000e+00  0.0000
20030414.5 2452744.0  382.39  382.39 41 26 9.3006e-01 0.0000e+00  0.0000
20030414.5 2452744.0  382.87  382.87 41 26 8.8977e-01 0.0000e+00  0.0000
20030414.5 2452744.0  383.35  383.35 41 26 8.6681e-01 0.0000e+00  0.0000
20030414.5 2452744.0  383.83  383.83 41 26 8.6805e-01 0.0000e+00  0.0000
20030414.5 2452744.0  384.31  384.31 41 26 8.9976e-01 0.0000e+00  0.0000
20030414.5 2452744.0  384.80  384.80 41 26 9.3873e-01 0.0000e+00  0.0000
20030414.5 2452744.0  385.28  385.28 41 26 9.7018e-01 0.0000e+00  0.0000
20030414.5 2452744.0  385.77  385.77 41 26 9.9318e-01 0.0000e+00  0.0000
20030414.5 2452744.0  386.26  386.26 41 26 1.0076e+00 0.0000e+00  0.0000
20030414.5 2452744.0  386.76  386.76 41 26 1.0170e+00 0.0000e+00  0.0000
20030414.5 2452744.0  387.25  387.25 41 26 1.0218e+00 0.0000e+00  0.0000
20030414.5 2452744.0  387.75  387.75 41 26 1.0344e+00 0.0000e+00  0.0000
20030414.5 2452744.0  388.25  388.25 41 26 1.0547e+00 0.0000e+00  0.0000
20030414.5 2452744.0  388.75  388.75 41 26 1.0903e+00 0.0000e+00  0.0000
20030414.5 2452744.0  389.25  389.25 41 26 1.1350e+00 0.0000e+00  0.0000
20030414.5 2452744.0  389.76  389.76 41 26 1.1799e+00 0.0000e+00  0.0000
20030414.5 2452744.0  390.26  390.26 41 26 1.2088e+00 0.0000e+00  0.0000
20030414.5 2452744.0  390.77  390.77 41 26 1.2072e+00 0.0000e+00  0.0000
20030414.5 2452744.0  391.29  391.29 41 26 1.1771e+00 0.0000e+00  0.0000
20030414.5 2452744.0  391.80  391.80 41 26 1.1238e+00 0.0000e+00  0.0000
20030414.5 2452744.0  392.32  392.32 41 26 1.0560e+00 0.0000e+00  0.0000
20030414.5 2452744.0  392.84  392.84 41 26 9.9690e-01 0.0000e+00  0.0000
20030414.5 2452744.0  393.36  393.36 41 26 9.6508e-01 0.0000e+00  0.0000
20030414.5 2452744.0  393.88  393.88 41 26 9.6458e-01 0.0000e+00  0.0000
20030414.5 2452744.0  394.40  394.40 41 26 9.7615e-01 0.0000e+00  0.0000
20030414.5 2452744.0  394.93  394.93 41 26 9.9642e-01 0.0000e+00  0.0000
20030414.5 2452744.0  395.46  395.46 41 26 1.0260e+00 0.0000e+00  0.0000
20030414.5 2452744.0  395.99  395.99 41 26 1.0525e+00 0.0000e+00  0.0000
20030414.5 2452744.0  396.53  396.53 41 26 1.0818e+00 0.0000e+00  0.0000
20030414.5 2452744.0  397.07  397.07 41 26 1.1260e+00 0.0000e+00  0.0000
20030414.5 2452744.0  397.61  397.61 41 26 1.2060e+00 0.0000e+00  0.0000
20030414.5 2452744.0  398.15  398.15 41 26 1.3049e+00 0.0000e+00  0.0000
20030414.5 2452744.0  398.69  398.69 41 26 1.4095e+00 0.0000e+00  0.0000
20030414.5 2452744.0  399.24  399.24 41 26 1.5156e+00 0.0000e+00  0.0000
20030414.5 2452744.0  399.79  399.79 41 26 1.6114e+00 0.0000e+00  0.0000
20030414.5 2452744.0  400.34  400.34 41 26 1.6800e+00 0.0000e+00  0.0000
20030414.5 2452744.0  400.89  400.89 41 26 1.7169e+00 0.0000e+00  0.0000
20030414.5 2452744.0  401.45  401.45 41 26 1.7422e+00 0.0000e+00  0.0000
20030414.5 2452744.0  402.01  402.01 41 26 1.7513e+00 0.0000e+00  0.0000
20030414.5 2452744.0  402.57  402.57 41 26 1.7530e+00 0.0000e+00  0.0000
20030414.5 2452744.0  403.13  403.13 41 26 1.7465e+00 0.0000e+00  0.0000
20030414.5 2452744.0  403.70  403.70 41 26 1.7327e+00 0.0000e+00  0.0000
20030414.5 2452744.0  404.27  404.27 41 26 1.7184e+00 0.0000e+00  0.0000
20030414.5 2452744.0  404.84  404.84 41 26 1.6993e+00 0.0000e+00  0.0000
20030414.5 2452744.0  405.41  405.41 41 26 1.6865e+00 0.0000e+00  0.0000
20030414.5 2452744.0  405.99  405.99 41 26 1.6795e+00 0.0000e+00  0.0000
20030414.5 2452744.0  406.57  406.57 41 26 1.6842e+00 0.0000e+00  0.0000
20030414.5 2452744.0  407.15  407.15 41 26 1.6883e+00 0.0000e+00  0.0000
20030414.5 2452744.0  407.74  407.74 41 26 1.6924e+00 0.0000e+00  0.0000
20030414.5 2452744.0  408.33  408.33 41 26 1.7020e+00 0.0000e+00  0.0000
20030414.5 2452744.0  408.92  408.92 41 26 1.7144e+00 0.0000e+00  0.0000
20030414.5 2452744.0  409.51  409.51 41 26 1.7233e+00 0.0000e+00  0.0000
20030414.5 2452744.0  410.11  410.11 41 26 1.7277e+00 0.0000e+00  0.0000
20030414.5 2452744.0  410.70  410.70 41 26 1.7396e+00 0.0000e+00  0.0000
20030414.5 2452744.0  411.31  411.31 41 26 1.7605e+00 0.0000e+00  0.0000
20030414.5 2452744.0  411.91  411.91 41 26 1.7750e+00 0.0000e+00  0.0000
20030414.5 2452744.0  412.52  412.52 41 26 1.7828e+00 0.0000e+00  0.0000
20030414.5 2452744.0  413.13  413.13 41 26 1.7916e+00 0.0000e+00  0.0000
20030414.5 2452744.0  413.74  413.74 41 26 1.8033e+00 0.0000e+00  0.0000
20030414.5 2452744.0  414.36  414.36 41 26 1.8039e+00 0.0000e+00  0.0000
20030414.5 2452744.0  414.98  414.98 41 26 1.7965e+00 0.0000e+00  0.0000
20030414.5 2452744.0  415.60  415.60 41 26 1.7908e+00 0.0000e+00  0.0000
20030414.5 2452744.0  416.22  416.22 41 26 1.7873e+00 0.0000e+00  0.0000
20030414.5 2452744.0  416.85  416.85 41 26 1.7787e+00 0.0000e+00  0.0000
20030414.5 2452744.0  417.48  417.48 41 26 1.7646e+00 0.0000e+00  0.0000
20030414.5 2452744.0  418.11  418.11 41 26 1.7586e+00 0.0000e+00  0.0000
20030414.5 2452744.0  418.75  418.75 41 26 1.7579e+00 0.0000e+00  0.0000
20030414.5 2452744.0  419.39  419.39 41 26 1.7557e+00 0.0000e+00  0.0000
20030414.5 2452744.0  420.04  420.04 41 26 1.7531e+00 0.0000e+00  0.0000
20030414.5 2452744.0  420.68  420.68 41 26 1.7551e+00 0.0000e+00  0.0000
20030414.5 2452744.0  421.33  421.33 41 26 1.7583e+00 0.0000e+00  0.0000
20030414.5 2452744.0  421.98  421.98 41 26 1.7516e+00 0.0000e+00  0.0000
20030414.5 2452744.0  422.64  422.64 41 26 1.7413e+00 0.0000e+00  0.0000
20030414.5 2452744.0  423.30  423.30 41 26 1.7349e+00 0.0000e+00  0.0000
20030414.5 2452744.0  423.96  423.96 41 26 1.7284e+00 0.0000e+00  0.0000
20030414.5 2452744.0  424.63  424.63 41 26 1.7168e+00 0.0000e+00  0.0000
20030414.5 2452744.0  425.30  425.30 41 26 1.7053e+00 0.0000e+00  0.0000
20030414.5 2452744.0  425.97  425.97 41 26 1.6931e+00 0.0000e+00  0.0000
20030414.5 2452744.0  426.65  426.65 41 26 1.6733e+00 0.0000e+00  0.0000
20030414.5 2452744.0  427.32  427.32 41 26 1.6355e+00 0.0000e+00  0.0000
20030414.5 2452744.0  428.01  428.01 41 26 1.5905e+00 0.0000e+00  0.0000
20030414.5 2452744.0  428.69  428.69 41 26 1.5601e+00 0.0000e+00  0.0000
20030414.5 2452744.0  429.38  429.38 41 26 1.5303e+00 0.0000e+00  0.0000
20030414.5 2452744.0  430.08  430.08 41 26 1.5183e+00 0.0000e+00  0.0000
20030414.5 2452744.0  430.77  430.77 41 26 1.5199e+00 0.0000e+00  0.0000
20030414.5 2452744.0  431.47  431.47 41 26 1.5544e+00 0.0000e+00  0.0000
20030414.5 2452744.0  432.18  432.18 41 26 1.5997e+00 0.0000e+00  0.0000
20030414.5 2452744.0  432.89  432.89 41 26 1.6453e+00 0.0000e+00  0.0000
20030414.5 2452744.0  433.60  433.60 41 26 1.6931e+00 0.0000e+00  0.0000
20030414.5 2452744.0  434.31  434.31 41 26 1.7349e+00 0.0000e+00  0.0000
20030414.5 2452744.0  435.03  435.03 41 26 1.7639e+00 0.0000e+00  0.0000
20030414.5 2452744.0  435.75  435.75 41 26 1.7786e+00 0.0000e+00  0.0000
20030414.5 2452744.0  436.48  436.48 41 26 1.7878e+00 0.0000e+00  0.0000
20030414.5 2452744.0  437.21  437.21 41 26 1.7876e+00 0.0000e+00  0.0000
20030414.5 2452744.0  437.94  437.94 41 26 1.7861e+00 0.0000e+00  0.0000
20030414.5 2452744.0  438.68  438.68 41 26 1.7920e+00 0.0000e+00  0.0000
20030414.5 2452744.0  439.42  439.42 41 26 1.8052e+00 0.0000e+00  0.0000
20030414.5 2452744.0  440.17  440.17 41 26 1.8243e+00 0.0000e+00  0.0000
20030414.5 2452744.0  440.92  440.92 41 26 1.8505e+00 0.0000e+00  0.0000
20030414.5 2452744.0  441.67  441.67 41 26 1.8825e+00 0.0000e+00  0.0000
20030414.5 2452744.0  442.43  442.43 41 26 1.9077e+00 0.0000e+00  0.0000
20030414.5 2452744.0  443.19  443.19 41 26 1.9258e+00 0.0000e+00  0.0000
20030414.5 2452744.0  443.96  443.96 41 26 1.9385e+00 0.0000e+00  0.0000
20030414.5 2452744.0  444.73  444.73 41 26 1.9505e+00 0.0000e+00  0.0000
20030414.5 2452744.0  445.50  445.50 41 26 1.9574e+00 0.0000e+00  0.0000
20030414.5 2452744.0  446.28  446.28 41 26 1.9677e+00 0.0000e+00  0.0000
20030414.5 2452744.0  447.06  447.06 41 26 1.9908e+00 0.0000e+00  0.0000
20030414.5 2452744.0  447.85  447.85 41 26 2.0161e+00 0.0000e+00  0.0000
20030414.5 2452744.0  448.64  448.64 41 26 2.0377e+00 0.0000e+00  0.0000
20030414.5 2452744.0  449.43  449.43 41 26 2.0526e+00 0.0000e+00  0.0000
20030414.5 2452744.0  450.23  450.23 41 26 2.0665e+00 0.0000e+00  0.0000
20030414.5 2452744.0  451.04  451.04 41 26 2.0706e+00 0.0000e+00  0.0000
20030414.5 2452744.0  451.85  451.85 41 26 2.0620e+00 0.0000e+00  0.0000
20030414.5 2452744.0  452.66  452.66 41 26 2.0516e+00 0.0000e+00  0.0000
20030414.5 2452744.0  453.48  453.48 41 26 2.0464e+00 0.0000e+00  0.0000
20030414.5 2452744.0  454.30  454.30 41 26 2.0462e+00 0.0000e+00  0.0000
20030414.5 2452744.0  455.13  455.13 41 26 2.0468e+00 0.0000e+00  0.0000
20030414.5 2452744.0  455.96  455.96 41 26 2.0507e+00 0.0000e+00  0.0000
20030414.5 2452744.0  456.80  456.80 41 26 2.0596e+00 0.0000e+00  0.0000
20030414.5 2452744.0  457.64  457.64 41 26 2.0666e+00 0.0000e+00  0.0000
20030414.5 2452744.0  458.48  458.48 41 26 2.0722e+00 0.0000e+00  0.0000
20030414.5 2452744.0  459.33  459.33 41 26 2.0767e+00 0.0000e+00  0.0000
20030414.5 2452744.0  460.19  460.19 41 26 2.0816e+00 0.0000e+00  0.0000
20030414.5 2452744.0  461.05  461.05 41 26 2.0843e+00 0.0000e+00  0.0000
20030414.5 2452744.0  461.92  461.92 41 26 2.0858e+00 0.0000e+00  0.0000
20030414.5 2452744.0  462.79  462.79 41 26 2.0814e+00 0.0000e+00  0.0000
20030414.5 2452744.0  463.66  463.66 41 26 2.0740e+00 0.0000e+00  0.0000
20030414.5 2452744.0  464.54  464.54 41 26 2.0633e+00 0.0000e+00  0.0000
20030414.5 2452744.0  465.43  465.43 41 26 2.0525e+00 0.0000e+00  0.0000
20030414.5 2452744.0  466.32  466.32 41 26 2.0403e+00 0.0000e+00  0.0000
20030414.5 2452744.0  467.22  467.22 41 26 2.0309e+00 0.0000e+00  0.0000
20030414.5 2452744.0  468.12  468.12 41 26 2.0281e+00 0.0000e+00  0.0000
20030414.5 2452744.0  469.03  469.03 41 26 2.0282e+00 0.0000e+00  0.0000
20030414.5 2452744.0  469.94  469.94 41 26 2.0325e+00 0.0000e+00  0.0000
20030414.5 2452744.0  470.86  470.86 41 26 2.0390e+00 0.0000e+00  0.0000
20030414.5 2452744.0  471.78  471.78 41 26 2.0485e+00 0.0000e+00  0.0000
20030414.5 2452744.0  472.71  472.71 41 26 2.0579e+00 0.0000e+00  0.0000
20030414.5 2452744.0  473.64  473.64 41 26 2.0667e+00 0.0000e+00  0.0000
20030414.5 2452744.0  474.58  474.58 41 26 2.0761e+00 0.0000e+00  0.0000
20030414.5 2452744.0  475.53  475.53 41 26 2.0844e+00 0.0000e+00  0.0000
20030414.5 2452744.0  476.48  476.48 41 26 2.0906e+00 0.0000e+00  0.0000
20030414.5 2452744.0  477.44  477.44 41 26 2.0972e+00 0.0000e+00  0.0000
20030414.5 2452744.0  478.40  478.40 41 26 2.1037e+00 0.0000e+00  0.0000
20030414.5 2452744.0  479.37  479.37 41 26 2.1052e+00 0.0000e+00  0.0000
20030414.5 2452744.0  480.34  480.34 41 26 2.1020e+00 0.0000e+00  0.0000
20030414.5 2452744.0  481.33  481.33 41 26 2.0834e+00 0.0000e+00  0.0000
20030414.5 2452744.0  482.31  482.31 41 26 2.0566e+00 0.0000e+00  0.0000
20030414.5 2452744.0  483.31  483.31 41 26 2.0231e+00 0.0000e+00  0.0000
20030414.5 2452744.0  484.30  484.30 41 26 1.9880e+00 0.0000e+00  0.0000
20030414.5 2452744.0  485.31  485.31 41 26 1.9574e+00 0.0000e+00  0.0000
20030414.5 2452744.0  486.32  486.32 41 26 1.9360e+00 0.0000e+00  0.0000
20030414.5 2452744.0  487.34  487.34 41 26 1.9289e+00 0.0000e+00  0.0000
20030414.5 2452744.0  488.37  488.37 41 26 1.9358e+00 0.0000e+00  0.0000
20030414.5 2452744.0  489.40  489.40 41 26 1.9492e+00 0.0000e+00  0.0000
20030414.5 2452744.0  490.43  490.43 41 26 1.9642e+00 0.0000e+00  0.0000
20030414.5 2452744.0  491.48  491.48 41 26 1.9790e+00 0.0000e+00  0.0000
20030414.5 2452744.0  492.53  492.53 41 26 1.9915e+00 0.0000e+00  0.0000
20030414.5 2452744.0  493.59  493.59 41 26 1.9972e+00 0.0000e+00  0.0000
20030414.5 2452744.0  494.65  494.65 41 26 1.9995e+00 0.0000e+00  0.0000
20030414.5 2452744.0  495.72  495.72 41 26 1.9956e+00 0.0000e+00  0.0000
20030414.5 2452744.0  496.80  496.80 41 26 1.9870e+00 0.0000e+00  0.0000
20030414.5 2452744.0  497.89  497.89 41 26 1.9779e+00 0.0000e+00  0.0000
20030414.5 2452744.0  498.98  498.98 41 26 1.9651e+00 0.0000e+00  0.0000
20030414.5 2452744.0  500.08  500.08 41 26 1.9549e+00 0.0000e+00  0.0000
20030414.5 2452744.0  501.19  501.19 41 26 1.9476e+00 0.0000e+00  0.0000
20030414.5 2452744.0  502.30  502.30 41 26 1.9461e+00 0.0000e+00  0.0000
20030414.5 2452744.0  503.42  503.42 41 26 1.9490e+00 0.0000e+00  0.0000
20030414.5 2452744.0  504.55  504.55 41 26 1.9548e+00 0.0000e+00  0.0000
20030414.5 2452744.0  505.69  505.69 41 26 1.9613e+00 0.0000e+00  0.0000
20030414.5 2452744.0  506.83  506.83 41 26 1.9649e+00 0.0000e+00  0.0000
20030414.5 2452744.0  507.99  507.99 41 26 1.9637e+00 0.0000e+00  0.0000
20030414.5 2452744.0  509.14  509.14 41 26 1.9582e+00 0.0000e+00  0.0000
20030414.5 2452744.0  510.31  510.31 41 26 1.9494e+00 0.0000e+00  0.0000
20030414.5 2452744.0  511.49  511.49 41 26 1.9289e+00 0.0000e+00  0.0000
20030414.5 2452744.0  512.67  512.67 41 26 1.9030e+00 0.0000e+00  0.0000
20030414.5 2452744.0  513.86  513.86 41 26 1.8769e+00 0.0000e+00  0.0000
20030414.5 2452744.0  515.06  515.06 41 26 1.8539e+00 0.0000e+00  0.0000
20030414.5 2452744.0  516.27  516.27 41 26 1.8339e+00 0.0000e+00  0.0000
20030414.5 2452744.0  517.49  517.49 41 26 1.8220e+00 0.0000e+00  0.0000
20030414.5 2452744.0  518.71  518.71 41 26 1.8268e+00 0.0000e+00  0.0000
20030414.5 2452744.0  519.94  519.94 41 26 1.8397e+00 0.0000e+00  0.0000
20030414.5 2452744.0  521.18  521.18 41 26 1.8508e+00 0.0000e+00  0.0000
20030414.5 2452744.0  522.43  522.43 41 26 1.8639e+00 0.0000e+00  0.0000
20030414.5 2452744.0  523.69  523.69 41 26 1.8791e+00 0.0000e+00  0.0000
20030414.5 2452744.0  524.96  524.96 41 26 1.8914e+00 0.0000e+00  0.0000
20030414.5 2452744.0  526.24  526.24 41 26 1.8963e+00 0.0000e+00  0.0000
20030414.5 2452744.0  527.52  527.52 41 26 1.9007e+00 0.0000e+00  0.0000
20030414.5 2452744.0  528.82  528.82 41 26 1.9108e+00 0.0000e+00  0.0000
20030414.5 2452744.0  530.12  530.12 41 26 1.9191e+00 0.0000e+00  0.0000
20030414.5 2452744.0  531.44  531.44 41 26 1.9227e+00 0.0000e+00  0.0000
20030414.5 2452744.0  532.76  532.76 41 26 1.9234e+00 0.0000e+00  0.0000
20030414.5 2452744.0  534.09  534.09 41 26 1.9224e+00 0.0000e+00  0.0000
20030414.5 2452744.0  535.43  535.43 41 26 1.9178e+00 0.0000e+00  0.0000
20030414.5 2452744.0  536.79  536.79 41 26 1.9090e+00 0.0000e+00  0.0000
20030414.5 2452744.0  538.15  538.15 41 26 1.9009e+00 0.0000e+00  0.0000
20030414.5 2452744.0  539.52  539.52 41 26 1.8948e+00 0.0000e+00  0.0000
20030414.5 2452744.0  540.90  540.90 41 26 1.8907e+00 0.0000e+00  0.0000
20030414.5 2452744.0  542.29  542.29 41 26 1.8890e+00 0.0000e+00  0.0000
20030414.5 2452744.0  543.69  543.69 41 26 1.8890e+00 0.0000e+00  0.0000
20030414.5 2452744.0  545.11  545.11 41 26 1.8902e+00 0.0000e+00  0.0000
20030414.5 2452744.0  546.53  546.53 41 26 1.8906e+00 0.0000e+00  0.0000
20030414.5 2452744.0  547.96  547.96 41 26 1.8919e+00 0.0000e+00  0.0000
20030414.5 2452744.0  549.41  549.41 41 26 1.8908e+00 0.0000e+00  0.0000
20030414.5 2452744.0  550.86  550.86 41 26 1.8876e+00 0.0000e+00  0.0000
20030414.5 2452744.0  552.33  552.33 41 26 1.8811e+00 0.0000e+00  0.0000
20030414.5 2452744.0  553.80  553.80 41 26 1.8748e+00 0.0000e+00  0.0000
20030414.5 2452744.0  555.29  555.29 41 26 1.8674e+00 0.0000e+00  0.0000
20030414.5 2452744.0  556.79  556.79 41 26 1.8593e+00 0.0000e+00  0.0000
20030414.5 2452744.0  558.30  558.30 41 26 1.8513e+00 0.0000e+00  0.0000
20030414.5 2452744.0  559.82  559.82 41 26 1.8468e+00 0.0000e+00  0.0000
20030414.5 2452744.0  561.36  561.36 41 26 1.8448e+00 0.0000e+00  0.0000
20030414.5 2452744.0  562.90  562.90 41 26 1.8420e+00 0.0000e+00  0.0000
20030414.5 2452744.0  564.46  564.46 41 26 1.8411e+00 0.0000e+00  0.0000
20030414.5 2452744.0  566.03  566.03 41 26 1.8425e+00 0.0000e+00  0.0000
20030414.5 2452744.0  567.61  567.61 41 26 1.8438e+00 0.0000e+00  0.0000
20030414.5 2452744.0  569.21  569.21 41 26 1.8442e+00 0.0000e+00  0.0000
20030414.5 2452744.0  570.81  570.81 41 26 1.8447e+00 0.0000e+00  0.0000
20030414.5 2452744.0  572.43  572.43 41 26 1.8457e+00 0.0000e+00  0.0000
20030414.5 2452744.0  574.06  574.06 41 26 1.8467e+00 0.0000e+00  0.0000
20030414.5 2452744.0  575.71  575.71 41 26 1.8460e+00 0.0000e+00  0.0000
20030414.5 2452744.0  577.37  577.37 41 26 1.8437e+00 0.0000e+00  0.0000
20030414.5 2452744.0  579.04  579.04 41 26 1.8408e+00 0.0000e+00  0.0000
20030414.5 2452744.0  580.72  580.72 41 26 1.8340e+00 0.0000e+00  0.0000
20030414.5 2452744.0  582.42  582.42 41 26 1.8250e+00 0.0000e+00  0.0000
20030414.5 2452744.0  584.13  584.13 41 26 1.8157e+00 0.0000e+00  0.0000
20030414.5 2452744.0  585.86  585.86 41 26 1.8058e+00 0.0000e+00  0.0000
20030414.5 2452744.0  587.59  587.59 41 26 1.7967e+00 0.0000e+00  0.0000
20030414.5 2452744.0  589.35  589.35 41 26 1.7891e+00 0.0000e+00  0.0000
20030414.5 2452744.0  591.11  591.11 41 26 1.7850e+00 0.0000e+00  0.0000
20030414.5 2452744.0  592.90  592.90 41 26 1.7813e+00 0.0000e+00  0.0000
20030414.5 2452744.0  594.69  594.69 41 26 1.7782e+00 0.0000e+00  0.0000
20030414.5 2452744.0  596.50  596.50 41 26 1.7751e+00 0.0000e+00  0.0000
20030414.5 2452744.0  598.33  598.33 41 26 1.7713e+00 0.0000e+00  0.0000
20030414.5 2452744.0  600.17  600.17 41 26 1.7655e+00 0.0000e+00  0.0000
20030414.5 2452744.0  602.03  602.03 41 26 1.7580e+00 0.0000e+00  0.0000
20030414.5 2452744.0  603.90  603.90 41 26 1.7500e+00 0.0000e+00  0.0000
20030414.5 2452744.0  605.78  605.78 41 26 1.7402e+00 0.0000e+00  0.0000
20030414.5 2452744.0  607.69  607.69 41 26 1.7279e+00 0.0000e+00  0.0000
20030414.5 2452744.0  609.60  609.60 41 26 1.7163e+00 0.0000e+00  0.0000
20030414.5 2452744.0  611.54  611.54 41 26 1.7054e+00 0.0000e+00  0.0000
20030414.5 2452744.0  613.49  613.49 41 26 1.6942e+00 0.0000e+00  0.0000
20030414.5 2452744.0  615.46  615.46 41 26 1.6839e+00 0.0000e+00  0.0000
20030414.5 2452744.0  617.44  617.44 41 26 1.6771e+00 0.0000e+00  0.0000
20030414.5 2452744.0  619.44  619.44 41 26 1.6725e+00 0.0000e+00  0.0000
20030414.5 2452744.0  621.46  621.46 41 26 1.6668e+00 0.0000e+00  0.0000
20030414.5 2452744.0  623.49  623.49 41 26 1.6607e+00 0.0000e+00  0.0000
20030414.5 2452744.0  625.54  625.54 41 26 1.6551e+00 0.0000e+00  0.0000
20030414.5 2452744.0  627.61  627.61 41 26 1.6504e+00 0.0000e+00  0.0000
20030414.5 2452744.0  629.70  629.70 41 26 1.6434e+00 0.0000e+00  0.0000
20030414.5 2452744.0  631.81  631.81 41 26 1.6355e+00 0.0000e+00  0.0000
20030414.5 2452744.0  633.93  633.93 41 26 1.6288e+00 0.0000e+00  0.0000
20030414.5 2452744.0  636.07  636.07 41 26 1.6219e+00 0.0000e+00  0.0000
20030414.5 2452744.0  638.23  638.23 41 26 1.6138e+00 0.0000e+00  0.0000
20030414.5 2452744.0  640.41  640.41 41 26 1.6053e+00 0.0000e+00  0.0000
20030414.5 2452744.0  642.61  642.61 41 26 1.5972e+00 0.0000e+00  0.0000
20030414.5 2452744.0  644.82  644.82 41 26 1.5847e+00 0.0000e+00  0.0000
20030414.5 2452744.0  647.06  647.06 41 26 1.5710e+00 0.0000e+00  0.0000
20030414.5 2452744.0  649.31  649.31 41 26 1.5581e+00 0.0000e+00  0.0000
20030414.5 2452744.0  651.59  651.59 41 26 1.5462e+00 0.0000e+00  0.0000
20030414.5 2452744.0  653.88  653.88 41 26 1.5348e+00 0.0000e+00  0.0000
20030414.5 2452744.0  656.20  656.20 41 26 1.5266e+00 0.0000e+00  0.0000
20030414.5 2452744.0  658.53  658.53 41 26 1.5243e+00 0.0000e+00  0.0000
20030414.5 2452744.0  660.89  660.89 41 26 1.5240e+00 0.0000e+00  0.0000
20030414.5 2452744.0  663.27  663.27 41 26 1.5233e+00 0.0000e+00  0.0000
20030414.5 2452744.0  665.66  665.66 41 26 1.5216e+00 0.0000e+00  0.0000
20030414.5 2452744.0  668.08  668.08 41 26 1.5197e+00 0.0000e+00  0.0000
20030414.5 2452744.0  670.52  670.52 41 26 1.5147e+00 0.0000e+00  0.0000
20030414.5 2452744.0  672.99  672.99 41 26 1.5065e+00 0.0000e+00  0.0000
20030414.5 2452744.0  675.47  675.47 41 26 1.4982e+00 0.0000e+00  0.0000
20030414.5 2452744.0  677.98  677.98 41 26 1.4896e+00 0.0000e+00  0.0000
20030414.5 2452744.0  680.50  680.50 41 26 1.4806e+00 0.0000e+00  0.0000
20030414.5 2452744.0  683.06  683.06 41 26 1.4713e+00 0.0000e+00  0.0000
20030414.5 2452744.0  685.63  685.63 41 26 1.4620e+00 0.0000e+00  0.0000
20030414.5 2452744.0  688.23  688.23 41 26 1.4522e+00 0.0000e+00  0.0000
20030414.5 2452744.0  690.85  690.85 41 26 1.4421e+00 0.0000e+00  0.0000
20030414.5 2452744.0  693.49  693.49 41 26 1.4320e+00 0.0000e+00  0.0000
20030414.5 2452744.0  696.16  696.16 41 26 1.4219e+00 0.0000e+00  0.0000
20030414.5 2452744.0  698.85  698.85 41 26 1.4122e+00 0.0000e+00  0.0000
20030414.5 2452744.0  701.56  701.56 41 26 1.4026e+00 0.0000e+00  0.0000
20030414.5 2452744.0  704.30  704.30 41 26 1.3931e+00 0.0000e+00  0.0000
20030414.5 2452744.0  707.07  707.07 41 26 1.3832e+00 0.0000e+00  0.0000
20030414.5 2452744.0  709.85  709.85 41 26 1.3731e+00 0.0000e+00  0.0000
20030414.5 2452744.0  712.67  712.67 41 26 1.3628e+00 0.0000e+00  0.0000
20030414.5 2452744.0  715.51  715.51 41 26 1.3522e+00 0.0000e+00  0.0000
20030414.5 2452744.0  718.37  718.37 41 26 1.3422e+00 0.0000e+00  0.0000
20030414.5 2452744.0  721.26  721.26 41 26 1.3327e+00 0.0000e+00  0.0000
20030414.5 2452744.0  724.18  724.18 41 26 1.3233e+00 0.0000e+00  0.0000
20030414.5 2452744.0  727.12  727.12 41 26 1.3139e+00 0.0000e+00  0.0000
20030414.5 2452744.0  730.09  730.09 41 26 1.3048e+00 0.0000e+00  0.0000
20030414.5 2452744.0  733.08  733.08 41 26 1.2961e+00 0.0000e+00  0.0000
20030414.5 2452744.0  736.10  736.10 41 26 1.2873e+00 0.0000e+00  0.0000
20030414.5 2452744.0  739.15  739.15 41 26 1.2785e+00 0.0000e+00  0.0000
20030414.5 2452744.0  742.22  742.22 41 26 1.2705e+00 0.0000e+00  0.0000
20030414.5 2452744.0  745.33  745.33 41 26 1.2632e+00 0.0000e+00  0.0000
20030414.5 2452744.0  748.46  748.46 41 26 1.2556e+00 0.0000e+00  0.0000
20030414.5 2452744.0  751.61  751.61 41 26 1.2476e+00 0.0000e+00  0.0000
20030414.5 2452744.0  754.80  754.80 41 26 1.2396e+00 0.0000e+00  0.0000
20030414.5 2452744.0  758.01  758.01 41 26 1.2311e+00 0.0000e+00  0.0000
20030414.5 2452744.0  761.26  761.26 41 26 1.2221e+00 0.0000e+00  0.0000
20030414.5 2452744.0  764.53  764.53 41 26 1.2129e+00 0.0000e+00  0.0000
20030414.5 2452744.0  767.83  767.83 41 26 1.2042e+00 0.0000e+00  0.0000
20030414.5 2452744.0  771.15  771.15 41 26 1.1961e+00 0.0000e+00  0.0000
20030414.5 2452744.0  774.51  774.51 41 26 1.1878e+00 0.0000e+00  0.0000
20030414.5 2452744.0  777.90  777.90 41 26 1.1792e+00 0.0000e+00  0.0000
20030414.5 2452744.0  781.31  781.31 41 26 1.1707e+00 0.0000e+00  0.0000
20030414.5 2452744.0  784.76  784.76 41 26 1.1618e+00 0.0000e+00  0.0000
20030414.5 2452744.0  788.23  788.23 41 26 1.1521e+00 0.0000e+00  0.0000
20030414.5 2452744.0  791.73  791.73 41 26 1.1421e+00 0.0000e+00  0.0000
20030414.5 2452744.0  795.27  795.27 41 26 1.1327e+00 0.0000e+00  0.0000
20030414.5 2452744.0  798.83  798.83 41 26 1.1234e+00 0.0000e+00  0.0000
20030414.5 2452744.0  802.42  802.42 41 26 1.1136e+00 0.0000e+00  0.0000
20030414.5 2452744.0  806.05  806.05 41 26 1.1042e+00 0.0000e+00  0.0000
20030414.5 2452744.0  809.70  809.70 41 26 1.0951e+00 0.0000e+00  0.0000
20030414.5 2452744.0  813.39  813.39 41 26 1.0858e+00 0.0000e+00  0.0000
20030414.5 2452744.0  817.10  817.10 41 26 1.0762e+00 0.0000e+00  0.0000
20030414.5 2452744.0  820.85  820.85 41 26 1.0670e+00 0.0000e+00  0.0000
20030414.5 2452744.0  824.62  824.62 41 26 1.0585e+00 0.0000e+00  0.0000
20030414.5 2452744.0  828.43  828.43 41 26 1.0494e+00 0.0000e+00  0.0000
20030414.5 2452744.0  832.26  832.26 41 26 1.0385e+00 0.0000e+00  0.0000
20030414.5 2452744.0  836.13  836.13 41 26 1.0270e+00 0.0000e+00  0.0000
20030414.5 2452744.0  840.03  840.03 41 26 1.0160e+00 0.0000e+00  0.0000
20030414.5 2452744.0  843.96  843.96 41 26 1.0037e+00 0.0000e+00  0.0000
20030414.5 2452744.0  847.92  847.92 41 26 9.9051e-01 0.0000e+00  0.0000
20030414.5 2452744.0  851.91  851.91 41 26 9.7894e-01 0.0000e+00  0.0000
20030414.5 2452744.0  855.93  855.93 41 26 9.6988e-01 0.0000e+00  0.0000
20030414.5 2452744.0  859.99  859.99 41 26 9.6210e-01 0.0000e+00  0.0000
20030414.5 2452744.0  864.07  864.07 41 26 9.5482e-01 0.0000e+00  0.0000
20030414.5 2452744.0  868.18  868.18 41 26 9.4930e-01 0.0000e+00  0.0000
20030414.5 2452744.0  872.33  872.33 41 26 9.4538e-01 0.0000e+00  0.0000
20030414.5 2452744.0  876.50  876.50 41 26 9.4050e-01 0.0000e+00  0.0000
20030414.5 2452744.0  880.71  880.71 41 26 9.3449e-01 0.0000e+00  0.0000
20030414.5 2452744.0  884.94  884.94 41 26 9.2878e-01 0.0000e+00  0.0000
20030414.5 2452744.0  889.21  889.21 41 26 9.2243e-01 0.0000e+00  0.0000
20030414.5 2452744.0  893.50  893.50 41 26 9.1505e-01 0.0000e+00  0.0000
20030414.5 2452744.0  897.83  897.83 41 26 9.0700e-01 0.0000e+00  0.0000
20030414.5 2452744.0  902.19  902.19 41 26 8.9819e-01 0.0000e+00  0.0000
20030414.5 2452744.0  906.57  906.57 41 26 8.9002e-01 0.0000e+00  0.0000
20030414.5 2452744.0  910.99  910.99 41 26 8.8194e-01 0.0000e+00  0.0000
20030414.5 2452744.0  915.43  915.43 41 26 8.7379e-01 0.0000e+00  0.0000
20030414.5 2452744.0  919.91  919.91 41 26 8.6528e-01 0.0000e+00  0.0000
20030414.5 2452744.0  924.41  924.41 41 26 8.5704e-01 0.0000e+00  0.0000
20030414.5 2452744.0  928.94  928.94 41 26 8.4917e-01 0.0000e+00  0.0000
20030414.5 2452744.0  933.50  933.50 41 26 8.4083e-01 0.0000e+00  0.0000
20030414.5 2452744.0  938.09  938.09 41 26 8.3207e-01 0.0000e+00  0.0000
20030414.5 2452744.0  942.70  942.70 41 26 8.2436e-01 0.0000e+00  0.0000
20030414.5 2452744.0  947.35  947.35 41 26 8.1731e-01 0.0000e+00  0.0000
20030414.5 2452744.0  952.74  952.74 44 26 8.0754e-01 0.0000e+00  0.0000
20030414.5 2452744.0  957.41  957.41 44 26 8.0044e-01 0.0000e+00  0.0000
20030414.5 2452744.0  962.11  962.11 44 26 7.9433e-01 0.0000e+00  0.0000
20030414.5 2452744.0  966.83  966.83 44 26 7.8876e-01 0.0000e+00  0.0000
20030414.5 2452744.0  971.58  971.58 44 26 7.8286e-01 0.0000e+00  0.0000
20030414.5 2452744.0  976.35  976.35 44 26 7.7628e-01 0.0000e+00  0.0000
20030414.5 2452744.0  981.15  981.15 44 26 7.6890e-01 0.0000e+00  0.0000
20030414.5 2452744.0  985.98  985.98 44 26 7.6133e-01 0.0000e+00  0.0000
20030414.5 2452744.0  990.82  990.82 44 26 7.5358e-01 0.0000e+00  0.0000
20030414.5 2452744.0  995.70  995.70 44 26 7.4560e-01 0.0000e+00  0.0000
20030414.5 2452744.0 1000.59 1000.59 44 26 7.3805e-01 0.0000e+00  0.0000
20030414.5 2452744.0 1005.51 1005.51 44 26 7.3102e-01 0.0000e+00  0.0000
20030414.5 2452744.0 1010.45 1010.45 44 26 7.2449e-01 0.0000e+00  0.0000
20030414.5 2452744.0 1015.42 1015.42 44 26 7.1778e-01 0.0000e+00  0.0000
20030414.5 2452744.0 1020.41 1020.41 44 26 7.1116e-01 0.0000e+00  0.0000
20030414.5 2452744.0 1025.41 1025.41 44 26 7.0474e-01 0.0000e+00  0.0000
20030414.5 2452744.0 1030.44 1030.44 44 26 6.9818e-01 0.0000e+00  0.0000
20030414.5 2452744.0 1035.49 1035.49 44 26 6.9115e-01 0.0000e+00  0.0000
20030414.5 2452744.0 1040.57 1040.57 44 26 6.8394e-01 0.0000e+00  0.0000
20030414.5 2452744.0 1045.66 1045.66 44 26 6.7666e-01 0.0000e+00  0.0000
20030414.5 2452744.0 1050.77 1050.77 44 26 6.6911e-01 0.0000e+00  0.0000
20030414.5 2452744.0 1055.90 1055.90 44 26 6.6083e-01 0.0000e+00  0.0000
20030414.5 2452744.0 1061.04 1061.04 44 26 6.5235e-01 0.0000e+00  0.0000
20030414.5 2452744.0 1066.21 1066.21 44 26 6.4366e-01 0.0000e+00  0.0000
20030414.5 2452744.0 1071.39 1071.39 44 26 6.3524e-01 0.0000e+00  0.0000
20030414.5 2452744.0 1076.59 1076.59 44 26 6.2740e-01 0.0000e+00  0.0000
20030414.5 2452744.0 1081.81 1081.81 44 26 6.2019e-01 0.0000e+00  0.0000
20030414.5 2452744.0 1087.04 1087.04 44 26 6.1393e-01 0.0000e+00  0.0000
20030414.5 2452744.0 1092.29 1092.29 44 26 6.0834e-01 0.0000e+00  0.0000
20030414.5 2452744.0 1097.55 1097.55 44 26 6.0305e-01 0.0000e+00  0.0000
20030414.5 2452744.0 1102.83 1102.83 44 26 5.9809e-01 0.0000e+00  0.0000
20030414.5 2452744.0 1108.13 1108.13 44 26 5.9295e-01 0.0000e+00  0.0000
20030414.5 2452744.0 1113.43 1113.43 44 26 5.8748e-01 0.0000e+00  0.0000
20030414.5 2452744.0 1118.75 1118.75 44 26 5.8186e-01 0.0000e+00  0.0000
20030414.5 2452744.0 1124.09 1124.09 44 26 5.7611e-01 0.0000e+00  0.0000
20030414.5 2452744.0 1129.43 1129.43 44 26 5.7025e-01 0.0000e+00  0.0000
20030414.5 2452744.0 1134.79 1134.79 44 26 5.6434e-01 0.0000e+00  0.0000
20030414.5 2452744.0 1140.16 1140.16 44 26 5.5858e-01 0.0000e+00  0.0000
20030414.5 2452744.0 1145.53 1145.53 44 26 5.5289e-01 0.0000e+00  0.0000
20030414.5 2452744.0 1150.92 1150.92 44 26 5.4688e-01 0.0000e+00  0.0000
20030414.5 2452744.0 1156.32 1156.32 44 26 5.4082e-01 0.0000e+00  0.0000
20030414.5 2452744.0 1161.73 1161.73 44 26 5.3485e-01 0.0000e+00  0.0000
20030414.5 2452744.0 1167.15 1167.15 44 26 5.2892e-01 0.0000e+00  0.0000
20030414.5 2452744.0 1172.57 1172.57 44 26 5.2279e-01 0.0000e+00  0.0000
20030414.5 2452744.0 1178.01 1178.01 44 26 5.1700e-01 0.0000e+00  0.0000
20030414.5 2452744.0 1183.45 1183.45 44 26 5.1149e-01 0.0000e+00  0.0000
20030414.5 2452744.0 1188.90 1188.90 44 26 5.0642e-01 0.0000e+00  0.0000
20030414.5 2452744.0 1194.35 1194.35 44 26 5.0158e-01 0.0000e+00  0.0000
20030414.5 2452744.0 1199.82 1199.82 44 26 4.9705e-01 0.0000e+00  0.0000
20030414.5 2452744.0 1205.28 1205.28 44 26 4.9305e-01 0.0000e+00  0.0000
20030414.5 2452744.0 1210.76 1210.76 44 26 4.8907e-01 0.0000e+00  0.0000
20030414.5 2452744.0 1216.23 1216.23 44 26 4.8513e-01 0.0000e+00  0.0000
20030414.5 2452744.0 1221.72 1221.72 44 26 4.8105e-01 0.0000e+00  0.0000
20030414.5 2452744.0 1227.20 1227.20 44 26 4.7685e-01 0.0000e+00  0.0000
20030414.5 2452744.0 1232.69 1232.69 44 26 4.7242e-01 0.0000e+00  0.0000
20030414.5 2452744.0 1238.19 1238.19 44 26 4.6791e-01 0.0000e+00  0.0000
20030414.5 2452744.0 1243.68 1243.68 44 26 4.6321e-01 0.0000e+00  0.0000
20030414.5 2452744.0 1249.18 1249.18 44 26 4.5827e-01 0.0000e+00  0.0000
20030414.5 2452744.0 1254.68 1254.68 44 26 4.5307e-01 0.0000e+00  0.0000
20030414.5 2452744.0 1260.19 1260.19 44 26 4.4813e-01 0.0000e+00  0.0000
20030414.5 2452744.0 1265.69 1265.69 44 26 4.4335e-01 0.0000e+00  0.0000
20030414.5 2452744.0 1271.20 1271.20 44 26 4.3868e-01 0.0000e+00  0.0000
20030414.5 2452744.0 1276.70 1276.70 44 26 4.3443e-01 0.0000e+00  0.0000
20030414.5 2452744.0 1282.21 1282.21 44 26 4.3056e-01 0.0000e+00  0.0000
20030414.5 2452744.0 1287.72 1287.72 44 26 4.2722e-01 0.0000e+00  0.0000
20030414.5 2452744.0 1293.22 1293.22 44 26 4.2381e-01 0.0000e+00  0.0000
20030414.5 2452744.0 1298.73 1298.73 44 26 4.2033e-01 0.0000e+00  0.0000
20030414.5 2452744.0 1304.24 1304.24 44 26 4.1685e-01 0.0000e+00  0.0000
20030414.5 2452744.0 1309.74 1309.74 44 26 4.1334e-01 0.0000e+00  0.0000
20030414.5 2452744.0 1315.24 1315.24 44 26 4.0980e-01 0.0000e+00  0.0000
20030414.5 2452744.0 1320.74 1320.74 44 26 4.0631e-01 0.0000e+00  0.0000
20030414.5 2452744.0 1326.24 1326.24 44 26 4.0278e-01 0.0000e+00  0.0000
20030414.5 2452744.0 1331.74 1331.74 44 26 3.9934e-01 0.0000e+00  0.0000
20030414.5 2452744.0 1337.23 1337.23 44 26 3.9584e-01 0.0000e+00  0.0000
20030414.5 2452744.0 1342.72 1342.72 44 26 3.9227e-01 0.0000e+00  0.0000
20030414.5 2452744.0 1348.21 1348.21 44 26 3.8860e-01 0.0000e+00  0.0000
20030414.5 2452744.0 1353.69 1353.69 44 26 3.8495e-01 0.0000e+00  0.0000
20030414.5 2452744.0 1359.17 1359.17 44 26 3.8137e-01 0.0000e+00  0.0000
20030414.5 2452744.0 1364.64 1364.64 44 26 3.7786e-01 0.0000e+00  0.0000
20030414.5 2452744.0 1370.12 1370.12 44 26 3.7455e-01 0.0000e+00  0.0000
20030414.5 2452744.0 1375.58 1375.58 44 26 3.7133e-01 0.0000e+00  0.0000
20030414.5 2452744.0 1381.04 1381.04 44 26 3.6800e-01 0.0000e+00  0.0000
20030414.5 2452744.0 1386.50 1386.50 44 26 3.6470e-01 0.0000e+00  0.0000
20030414.5 2452744.0 1391.95 1391.95 44 26 3.6128e-01 0.0000e+00  0.0000
20030414.5 2452744.0 1397.40 1397.40 44 26 3.5776e-01 0.0000e+00  0.0000
20030414.5 2452744.0 1402.84 1402.84 44 26 3.5420e-01 0.0000e+00  0.0000
20030414.5 2452744.0 1408.28 1408.28 44 26 3.5069e-01 0.0000e+00  0.0000
20030414.5 2452744.0 1413.71 1413.71 44 26 3.4719e-01 0.0000e+00  0.0000
20030414.5 2452744.0 1419.13 1419.13 44 26 3.4382e-01 0.0000e+00  0.0000
20030414.5 2452744.0 1424.55 1424.55 44 26 3.4053e-01 0.0000e+00  0.0000
20030414.5 2452744.0 1429.96 1429.96 44 26 3.3744e-01 0.0000e+00  0.0000
20030414.5 2452744.0 1435.36 1435.36 44 26 3.3445e-01 0.0000e+00  0.0000
20030414.5 2452744.0 1440.76 1440.76 44 26 3.3161e-01 0.0000e+00  0.0000
20030414.5 2452744.0 1446.15 1446.15 44 26 3.2899e-01 0.0000e+00  0.0000
20030414.5 2452744.0 1451.54 1451.54 44 26 3.2635e-01 0.0000e+00  0.0000
20030414.5 2452744.0 1456.91 1456.91 44 26 3.2357e-01 0.0000e+00  0.0000
20030414.5 2452744.0 1462.28 1462.28 44 26 3.2082e-01 0.0000e+00  0.0000
20030414.5 2452744.0 1467.64 1467.64 44 26 3.1794e-01 0.0000e+00  0.0000
20030414.5 2452744.0 1473.00 1473.00 44 26 3.1469e-01 0.0000e+00  0.0000
20030414.5 2452744.0 1478.34 1478.34 44 26 3.1151e-01 0.0000e+00  0.0000
20030414.5 2452744.0 1483.68 1483.68 44 26 3.0857e-01 0.0000e+00  0.0000
20030414.5 2452744.0 1489.01 1489.01 44 26 3.0580e-01 0.0000e+00  0.0000
20030414.5 2452744.0 1494.33 1494.33 44 26 3.0337e-01 0.0000e+00  0.0000
20030414.5 2452744.0 1499.65 1499.65 44 26 3.0119e-01 0.0000e+00  0.0000
20030414.5 2452744.0 1504.95 1504.95 44 26 2.9950e-01 0.0000e+00  0.0000
20030414.5 2452744.0 1510.25 1510.25 44 26 2.9790e-01 0.0000e+00  0.0000
20030414.5 2452744.0 1515.54 1515.54 44 26 2.9608e-01 0.0000e+00  0.0000
20030414.5 2452744.0 1520.82 1520.82 44 26 2.9432e-01 0.0000e+00  0.0000
20030414.5 2452744.0 1526.09 1526.09 44 26 2.9225e-01 0.0000e+00  0.0000
20030414.5 2452744.0 1531.36 1531.36 44 26 2.8980e-01 0.0000e+00  0.0000
20030414.5 2452744.0 1536.61 1536.61 44 26 2.8704e-01 0.0000e+00  0.0000
20030414.5 2452744.0 1541.86 1541.86 44 26 2.8398e-01 0.0000e+00  0.0000
20030414.5 2452744.0 1547.09 1547.09 44 26 2.8060e-01 0.0000e+00  0.0000
20030414.5 2452744.0 1552.32 1552.32 44 26 2.7700e-01 0.0000e+00  0.0000
20030414.5 2452744.0 1557.54 1557.54 44 26 2.7328e-01 0.0000e+00  0.0000
20030414.5 2452744.0 1562.75 1562.75 44 26 2.6968e-01 0.0000e+00  0.0000
20030414.5 2452744.0 1567.95 1567.95 44 26 2.6630e-01 0.0000e+00  0.0000
20030414.5 2452744.0 1573.14 1573.14 44 26 2.6349e-01 0.0000e+00  0.0000
20030414.5 2452744.0 1578.32 1578.32 44 26 2.6108e-01 0.0000e+00  0.0000
20030414.5 2452744.0 1583.49 1583.49 44 26 2.5898e-01 0.0000e+00  0.0000
20030414.5 2452744.0 1588.65 1588.65 44 26 2.5705e-01 0.0000e+00  0.0000
20030414.5 2452744.0 1593.80 1593.80 44 26 2.5540e-01 0.0000e+00  0.0000
20030414.5 2452744.0 1598.95 1598.95 44 26 2.5376e-01 0.0000e+00  0.0000
20030414.5 2452744.0 1601.18 1601.18 31 26 2.5175e-01 0.0000e+00  0.0000
20030414.5 2452744.0 1616.86 1616.86 31 26 2.4659e-01 0.0000e+00  0.0000
20030414.5 2452744.0 1632.42 1632.42 31 26 2.4066e-01 0.0000e+00  0.0000
20030414.5 2452744.0 1647.91 1647.91 31 26 2.3471e-01 0.0000e+00  0.0000
20030414.5 2452744.0 1663.31 1663.31 31 26 2.2722e-01 0.0000e+00  0.0000
20030414.5 2452744.0 1678.61 1678.61 31 26 2.2138e-01 0.0000e+00  0.0000
20030414.5 2452744.0 1693.82 1693.82 31 26 2.1591e-01 0.0000e+00  0.0000
20030414.5 2452744.0 1708.93 1708.93 31 26 2.0790e-01 0.0000e+00  0.0000
20030414.5 2452744.0 1723.95 1723.95 31 26 2.0023e-01 0.0000e+00  0.0000
20030414.5 2452744.0 1738.86 1738.86 31 26 1.9456e-01 0.0000e+00  0.0000
20030414.5 2452744.0 1753.69 1753.69 31 26 1.9024e-01 0.0000e+00  0.0000
20030414.5 2452744.0 1768.43 1768.43 31 26 1.8490e-01 0.0000e+00  0.0000
20030414.5 2452744.0 1783.07 1783.07 31 26 1.7858e-01 0.0000e+00  0.0000
20030414.5 2452744.0 1797.62 1797.62 31 26 1.7284e-01 0.0000e+00  0.0000
20030414.5 2452744.0 1812.08 1812.08 31 26 1.6834e-01 0.0000e+00  0.0000
20030414.5 2452744.0 1826.44 1826.44 31 26 1.6398e-01 0.0000e+00  0.0000
20030414.5 2452744.0 1840.72 1840.72 31 26 1.5980e-01 0.0000e+00  0.0000
20030414.5 2452744.0 1854.90 1854.90 31 26 1.5501e-01 0.0000e+00  0.0000
20030414.5 2452744.0 1869.00 1869.00 31 26 1.5042e-01 0.0000e+00  0.0000
20030414.5 2452744.0 1883.00 1883.00 31 26 1.4818e-01 0.0000e+00  0.0000
20030414.5 2452744.0 1896.92 1896.92 31 26 1.4541e-01 0.0000e+00  0.0000
20030414.5 2452744.0 1910.75 1910.75 31 26 1.4221e-01 0.0000e+00  0.0000
20030414.5 2452744.0 1924.48 1924.48 31 26 1.3611e-01 0.0000e+00  0.0000
20030414.5 2452744.0 1938.13 1938.13 31 26 1.3193e-01 0.0000e+00  0.0000
20030414.5 2452744.0 1951.71 1951.71 31 26 1.3000e-01 0.0000e+00  0.0000
20030414.5 2452744.0 1965.19 1965.19 31 26 1.2729e-01 0.0000e+00  0.0000
20030414.5 2452744.0 1978.59 1978.59 31 26 1.2462e-01 0.0000e+00  0.0000
20030414.5 2452744.0 1991.92 1991.92 31 26 1.2193e-01 0.0000e+00  0.0000
20030414.5 2452744.0 2005.15 2005.15 31 26 1.2036e-01 0.0000e+00  0.0000
20030414.5 2452744.0 2018.31 2018.31 31 26 1.1759e-01 0.0000e+00  0.0000
20030414.5 2452744.0 2031.38 2031.38 31 26 1.1508e-01 0.0000e+00  0.0000
20030414.5 2452744.0 2044.38 2044.38 31 26 1.1236e-01 0.0000e+00  0.0000
20030414.5 2452744.0 2057.30 2057.30 31 26 1.0926e-01 0.0000e+00  0.0000
20030414.5 2452744.0 2070.13 2070.13 31 26 1.0733e-01 0.0000e+00  0.0000
20030414.5 2452744.0 2082.89 2082.89 31 26 1.0481e-01 0.0000e+00  0.0000
20030414.5 2452744.0 2095.58 2095.58 31 26 1.0131e-01 0.0000e+00  0.0000
20030414.5 2452744.0 2108.19 2108.19 31 26 9.9317e-02 0.0000e+00  0.0000
20030414.5 2452744.0 2120.73 2120.73 31 26 9.7606e-02 0.0000e+00  0.0000
20030414.5 2452744.0 2133.20 2133.20 31 26 9.5794e-02 0.0000e+00  0.0000
20030414.5 2452744.0 2145.59 2145.59 31 26 9.2840e-02 0.0000e+00  0.0000
20030414.5 2452744.0 2157.91 2157.91 31 26 9.0647e-02 0.0000e+00  0.0000
20030414.5 2452744.0 2170.15 2170.15 31 26 9.0108e-02 0.0000e+00  0.0000
20030414.5 2452744.0 2182.34 2182.34 31 26 8.8456e-02 0.0000e+00  0.0000
20030414.5 2452744.0 2194.44 2194.44 31 26 8.6292e-02 0.0000e+00  0.0000
20030414.5 2452744.0 2206.48 2206.48 31 26 8.5314e-02 0.0000e+00  0.0000
20030414.5 2452744.0 2218.45 2218.45 31 26 8.3655e-02 0.0000e+00  0.0000
20030414.5 2452744.0 2230.36 2230.36 31 26 8.2985e-02 0.0000e+00  0.0000
20030414.5 2452744.0 2242.20 2242.20 31 26 8.0725e-02 0.0000e+00  0.0000
20030414.5 2452744.0 2253.97 2253.97 31 26 7.7448e-02 0.0000e+00  0.0000
20030414.5 2452744.0 2265.68 2265.68 31 26 7.6586e-02 0.0000e+00  0.0000
20030414.5 2452744.0 2277.33 2277.33 31 26 7.5455e-02 0.0000e+00  0.0000
20030414.5 2452744.0 2288.91 2288.91 31 26 7.3250e-02 0.0000e+00  0.0000
20030414.5 2452744.0 2300.43 2300.43 31 26 7.2461e-02 0.0000e+00  0.0000
20030414.5 2452744.0 2311.89 2311.89 31 26 7.0765e-02 0.0000e+00  0.0000
20030414.5 2452744.0 2323.28 2323.28 31 26 7.0477e-02 0.0000e+00  0.0000
20030414.5 2452744.0 2334.63 2334.63 31 26 6.8243e-02 0.0000e+00  0.0000
20030414.5 2452744.0 2345.90 2345.90 31 26 6.7379e-02 0.0000e+00  0.0000
20030414.5 2452744.0 2357.11 2357.11 31 26 6.6019e-02 0.0000e+00  0.0000
20030414.5 2452744.0 2368.28 2368.28 31 26 6.4360e-02 0.0000e+00  0.0000
20030414.5 2452744.0 2379.37 2379.37 31 26 6.3253e-02 0.0000e+00  0.0000
20030414.5 2452744.0 2390.42 2390.42 31 26 6.2992e-02 0.0000e+00  0.0000
20030414.5 2452744.0 2401.40 2401.40 31 26 6.2324e-02 0.0000e+00  0.0000
20030414.5 2452744.0 2412.34 2412.34 31 26 6.0814e-02 0.0000e+00  0.0000

