390,4.12756E-04
391,5.00670E-04
392,6.06009E-04
393,7.31611E-04
394,8.80558E-04
395,1.05612E-03
396,1.26169E-03
397,1.50063E-03
398,1.77615E-03
399,2.09110E-03
400,2.44770E-03
401,2.84784E-03
402,3.29501E-03
403,3.79381E-03
404,4.34976E-03
405,4.96958E-03
406,5.66002E-03
407,6.42219E-03
408,7.25317E-03
409,8.14637E-03
410,9.09091E-03
411,1.00740E-02
412,1.10915E-02
413,1.21433E-02
414,1.32313E-02
415,1.43599E-02
416,1.55327E-02
417,1.67419E-02
418,1.79743E-02
419,1.92141E-02
420,2.04430E-02
421,2.16457E-02
422,2.28292E-02
423,2.40104E-02
424,2.52108E-02
425,2.64573E-02
426,2.77751E-02
427,2.91675E-02
428,3.06311E-02
429,3.21611E-02
430,3.37516E-02
431,3.53964E-02
432,3.70923E-02
433,3.88364E-02
434,4.06249E-02
435,4.24528E-02
436,4.43113E-02
437,4.61787E-02
438,4.80273E-02
439,4.98256E-02
440,5.15395E-02
441,5.31424E-02
442,5.46509E-02
443,5.60963E-02
444,5.75149E-02
445,5.89468E-02
446,6.04258E-02
447,6.19447E-02
448,6.34843E-02
449,6.50232E-02
450,6.65381E-02
451,6.80159E-02
452,6.94932E-02
453,7.10225E-02
454,7.26612E-02
455,7.44724E-02
456,7.65168E-02
457,7.88274E-02
458,8.14325E-02
459,8.43643E-02
460,8.76599E-02
461,9.13471E-02
462,9.53965E-02
463,9.97551E-02
464,1.04358E-01
465,1.09126E-01
466,1.13977E-01
467,1.18877E-01
468,1.23802E-01
469,1.28726E-01
470,1.33622E-01
471,1.38466E-01
472,1.43271E-01
473,1.48063E-01
474,1.52872E-01
475,1.57734E-01
476,1.62683E-01
477,1.67729E-01
478,1.72875E-01
479,1.78124E-01
480,1.83480E-01
481,1.88946E-01
482,1.94507E-01
483,2.00147E-01
484,2.05847E-01
485,2.11584E-01
486,2.17360E-01
487,2.23281E-01
488,2.29489E-01
489,2.36143E-01
490,2.43420E-01
491,2.51478E-01
492,2.60325E-01
493,2.69922E-01
494,2.80227E-01
495,2.91183E-01
496,3.02739E-01
497,3.14901E-01
498,3.27688E-01
499,3.41120E-01
500,3.55216E-01
501,3.69989E-01
502,3.85429E-01
503,4.01514E-01
504,4.18215E-01
505,4.35496E-01
506,4.53314E-01
507,4.71629E-01
508,4.90396E-01
509,5.09562E-01
510,5.29068E-01
511,5.48848E-01
512,5.68858E-01
513,5.89052E-01
514,6.09381E-01
515,6.29792E-01
516,6.50204E-01
517,6.70429E-01
518,6.90238E-01
519,7.09382E-01
520,7.27593E-01
521,7.44658E-01
522,7.60647E-01
523,7.75720E-01
524,7.90060E-01
525,8.03871E-01
526,8.17321E-01
527,8.30369E-01
528,8.42919E-01
529,8.54868E-01
530,8.66113E-01
531,8.76598E-01
532,8.86476E-01
533,8.95962E-01
534,9.05281E-01
535,9.14672E-01
536,9.24295E-01
537,9.33979E-01
538,9.43457E-01
539,9.52451E-01
540,9.60675E-01
541,9.67880E-01
542,9.74011E-01
543,9.79063E-01
544,9.83036E-01
545,9.85933E-01
546,9.87816E-01
547,9.88975E-01
548,9.89759E-01
549,9.90518E-01
550,9.91604E-01
551,9.93256E-01
552,9.95249E-01
553,9.97244E-01
554,9.98898E-01
555,9.99867E-01
556,9.99906E-01
557,9.99158E-01
558,9.97864E-01
559,9.96264E-01
560,9.94596E-01
561,9.93029E-01
562,9.91473E-01
563,9.89774E-01
564,9.87781E-01
565,9.85346E-01
566,9.82355E-01
567,9.78815E-01
568,9.74761E-01
569,9.70228E-01
570,9.65252E-01
571,9.59835E-01
572,9.53866E-01
573,9.47209E-01
574,9.39734E-01
575,9.31320E-01
576,9.21942E-01
577,9.11933E-01
578,9.01705E-01
579,8.91652E-01
580,8.82150E-01
581,8.73448E-01
582,8.65332E-01
583,8.57478E-01
584,8.49574E-01
585,8.41313E-01
586,8.32458E-01
587,8.23006E-01
588,8.13017E-01
589,8.02553E-01
590,7.91676E-01
591,7.80445E-01
592,7.68897E-01
593,7.57063E-01
594,7.44969E-01
595,7.32643E-01
596,7.20111E-01
597,7.07417E-01
598,6.94603E-01
599,6.81714E-01
600,6.68792E-01
601,6.55863E-01
602,6.42898E-01
603,6.29856E-01
604,6.16697E-01
605,6.03383E-01
606,5.89896E-01
607,5.76277E-01
608,5.62580E-01
609,5.48857E-01
610,5.35157E-01
611,5.21516E-01
612,5.07937E-01
613,4.94417E-01
614,4.80954E-01
615,4.67546E-01
616,4.54205E-01
617,4.40985E-01
618,4.27948E-01
619,4.15148E-01
620,4.02633E-01
621,3.90421E-01
622,3.78415E-01
623,3.66501E-01
624,3.54579E-01
625,3.42562E-01
626,3.30407E-01
627,3.18200E-01
628,3.06052E-01
629,2.94060E-01
630,2.82310E-01
631,2.70870E-01
632,2.59758E-01
633,2.48986E-01
634,2.38558E-01
635,2.28481E-01
636,2.18755E-01
637,2.09383E-01
638,2.00365E-01
639,1.91699E-01
640,1.83383E-01
641,1.75405E-01
642,1.67710E-01
643,1.60243E-01
644,1.52956E-01
645,1.45807E-01
646,1.38774E-01
647,1.31880E-01
648,1.25158E-01
649,1.18633E-01
650,1.12327E-01
651,1.06258E-01
652,1.00434E-01
653,9.48602E-02
654,8.95401E-02
655,8.44738E-02
656,7.96586E-02
657,7.50850E-02
658,7.07424E-02
659,6.66206E-02
660,6.27099E-02
661,5.90010E-02
662,5.54863E-02
663,5.21580E-02
664,4.90086E-02
665,4.60308E-02
666,4.32167E-02
667,4.05579E-02
668,3.80460E-02
669,3.56731E-02
670,3.34321E-02
671,3.13161E-02
672,2.93187E-02
673,2.74341E-02
674,2.56565E-02
675,2.39806E-02
676,2.24014E-02
677,2.09147E-02
678,1.95167E-02
679,1.82034E-02
680,1.69708E-02
681,1.58146E-02
682,1.47289E-02
683,1.37078E-02
684,1.27466E-02
685,1.18407E-02
686,1.09875E-02
687,1.01888E-02
688,9.44596E-03
689,8.75942E-03
690,8.12855E-03
691,7.55106E-03
692,7.02081E-03
693,6.53166E-03
694,6.07841E-03
695,5.65663E-03
696,5.26292E-03
697,4.89553E-03
698,4.55309E-03
699,4.23423E-03
700,3.93762E-03
701,3.66183E-03
702,3.40499E-03
703,3.16534E-03
704,2.94135E-03
705,2.73166E-03
706,2.53521E-03
707,2.35154E-03
708,2.18022E-03
709,2.02080E-03
710,1.87275E-03
711,1.73553E-03
712,1.60853E-03
713,1.49117E-03
714,1.38284E-03
715,1.28298E-03
716,1.19095E-03
717,1.10600E-03
718,1.02738E-03
719,9.54469E-04
720,8.86702E-04
721,8.23632E-04
722,7.65007E-04
723,7.10609E-04
724,6.60216E-04
725,6.13604E-04
726,5.70529E-04
727,5.30681E-04
728,4.93763E-04
729,4.59510E-04
730,4.27686E-04
731,3.98084E-04
732,3.70520E-04
733,3.44834E-04
734,3.20879E-04
735,2.98523E-04
736,2.77659E-04
737,2.58242E-04
738,2.40229E-04
739,2.23570E-04
740,2.08205E-04
741,1.94058E-04
742,1.80989E-04
743,1.68866E-04
744,1.57575E-04
745,1.47019E-04
746,1.37125E-04
747,1.27866E-04
748,1.19222E-04
749,1.11169E-04
750,1.03683E-04
751,9.67333E-05
752,9.02810E-05
753,8.42861E-05
754,7.87125E-05
755,7.35273E-05
756,6.86999E-05
757,6.42007E-05
758,6.00024E-05
759,5.60806E-05
760,5.24134E-05
761,4.89824E-05
762,4.57769E-05
763,4.27872E-05
764,4.00035E-05
765,3.74154E-05
766,3.50108E-05
767,3.27715E-05
768,3.06796E-05
769,2.87199E-05
770,2.68791E-05
771,2.51475E-05
772,2.35233E-05
773,2.20055E-05
774,2.05920E-05
775,1.92800E-05
776,1.80647E-05
777,1.69363E-05
778,1.58851E-05
779,1.49024E-05
780,1.39810E-05
781,1.31151E-05
782,1.23018E-05
783,1.15388E-05
784,1.08237E-05
785,1.01544E-05
786,9.52815E-06
787,8.94200E-06
788,8.39289E-06
789,7.87808E-06
790,7.39506E-06
791,6.94168E-06
792,6.51642E-06
793,6.11793E-06
794,5.74485E-06
795,5.39586E-06
796,5.06959E-06
797,4.76451E-06
798,4.47912E-06
799,4.21206E-06
800,3.96203E-06
801,3.72782E-06
802,3.50803E-06
803,3.30139E-06
804,3.10675E-06
805,2.92311E-06
806,2.74968E-06
807,2.58614E-06
808,2.43225E-06
809,2.28772E-06
810,2.15221E-06
811,2.02536E-06
812,1.90662E-06
813,1.79545E-06
814,1.69135E-06
815,1.59386E-06
816,1.50250E-06
817,1.41677E-06
818,1.33619E-06
819,1.26031E-06
820,1.18876E-06
821,1.12122E-06
822,1.05747E-06
823,9.97357E-07
824,9.40702E-07
825,8.87338E-07
826,8.37105E-07
827,7.89843E-07
828,7.45399E-07
829,7.03624E-07
830,6.64376E-07
